"","V1","V2","V3","V4","V5","V6","V7","V8","V9","V10","V11","V12","V13","V14","V15","V16","V17","V18","V19","V20","V21","V22","V23","V24","V25","V26","V27","V28","V29","V30","V31","V32","V33","V34","V35","V36","V37","V38","V39","V40","V41","V42","V43","V44","V45","V46","V47","V48","V49","V50","V51","V52","V53","V54","V55","V56","V57","V58","V59","V60","V61","V62","V63","V64","V65","V66","V67","V68","V69","V70","V71","V72","V73","V74","V75","V76","V77","V78","V79","V80","V81","V82","V83","V84","V85","V86","V87","V88","V89","V90","V91","V92","V93","V94","V95","V96","V97","V98","V99","V100","V101","V102","V103","V104","V105","V106","V107","V108","V109","V110","V111","V112","V113","V114","V115","V116"
"1",1,0.837192,0.723992,0.714543,0.607531,0.588598,0.726177,0.733429,0.56637,0.571422,0.732387,0.690289,0.689967,0.658501,0.642363,0.603589,0.708004,0.679699,0.844637,0.811516,0.425428,0.385908,0.630849,0.580822,0.502332,0.495559,0.521666,0.526271,0.609496,0.577906,0.564755,0.550062,0.775318,0.754578,0.608618,0.566458,0.476872,0.450898,0.443878,0.492301,0.327447,0.359769,0.622467,0.600741,0.569394,0.579661,0.567929,0.620588,0.643428,0.598668,0.60493,0.516027,0.504295,0.458898,0.543915,0.550921,0.860757,0.770813,0.700481,0.671944,0.677801,0.57388,0.73785,0.697556,0.487844,0.527906,0.714815,0.687557,0.710778,0.675469,0.362099,0.363542,0.423522,0.380528,0.376088,0.399147,0.417335,0.414528,0.615594,0.615561,0.652863,0.639094,0.574348,0.586219,0.550783,0.507296,0.481553,0.458899,0.596389,0.579279,0.355669,0.386954,0.298197,0.373208,0.294684,0.248546,0.392774,0.348792,0.331354,0.376901,0.38775,0.376187,0.344158,0.30566,0.230335,0.286099,0.267853,0.148644,0.168361,0.33727,0.356179,0.379774,0.268125,0.351038,0.264919,0.020578
"2",0.837192,1,0.620606,0.671886,0.549683,0.528186,0.604064,0.655014,0.502421,0.502028,0.585194,0.616922,0.567233,0.572463,0.575456,0.554584,0.709144,0.758531,0.794182,0.863688,0.436407,0.391346,0.558281,0.509093,0.457758,0.466158,0.470409,0.465646,0.597976,0.614108,0.565711,0.541242,0.771714,0.773722,0.567582,0.552203,0.447927,0.446989,0.430791,0.500552,0.33262,0.392857,0.6724,0.662545,0.635328,0.657783,0.616214,0.675147,0.672196,0.645104,0.539056,0.476938,0.431185,0.424031,0.51714,0.556882,0.851342,0.907951,0.61458,0.618048,0.523713,0.449239,0.667436,0.676558,0.365883,0.37976,0.701445,0.683597,0.792507,0.779299,0.362416,0.353722,0.425787,0.439708,0.370326,0.42966,0.453691,0.465196,0.623697,0.676846,0.617689,0.626891,0.526423,0.570593,0.41898,0.428135,0.416064,0.40507,0.483383,0.485687,0.319995,0.338172,0.264994,0.328696,0.34505,0.311095,0.498292,0.379684,0.387043,0.367012,0.374449,0.328644,0.374776,0.278639,0.255776,0.277678,0.297457,0.165335,0.202535,0.364401,0.410777,0.425941,0.281233,0.39859,0.295995,0.005839
"3",0.723992,0.620606,1,0.865224,0.775811,0.721733,0.882504,0.781109,0.762259,0.70044,0.606006,0.570737,0.678346,0.619231,0.691309,0.631398,0.539323,0.528452,0.713862,0.648915,0.465021,0.407303,0.860509,0.804026,0.705701,0.679323,0.656308,0.651135,0.476444,0.459008,0.626023,0.609181,0.692942,0.648794,0.660261,0.599594,0.464816,0.445067,0.484497,0.516019,0.285672,0.314046,0.599296,0.600445,0.536252,0.555994,0.586584,0.60473,0.600532,0.609683,0.565491,0.558763,0.535303,0.519408,0.544563,0.556247,0.630728,0.583951,0.610376,0.591677,0.621352,0.545436,0.635626,0.574717,0.64692,0.61947,0.726033,0.682559,0.533276,0.534394,0.4036,0.442896,0.350322,0.324278,0.330284,0.398319,0.369864,0.361612,0.503263,0.495833,0.577571,0.587822,0.545939,0.547784,0.603254,0.562625,0.483963,0.498302,0.624359,0.625182,0.497484,0.506749,0.496167,0.544111,0.282568,0.236818,0.364589,0.315889,0.358164,0.38771,0.459897,0.462081,0.385405,0.34845,0.312342,0.373895,0.294999,0.154902,0.18777,0.297731,0.338849,0.351147,0.326451,0.347906,0.271008,0.014969
"4",0.714543,0.671886,0.865224,1,0.719022,0.730379,0.818658,0.871837,0.702252,0.737197,0.578214,0.640002,0.633115,0.684657,0.648976,0.676307,0.53708,0.54465,0.693844,0.679313,0.474111,0.427846,0.805272,0.833144,0.668576,0.696108,0.634564,0.664606,0.486457,0.506456,0.637786,0.657433,0.700537,0.688388,0.669949,0.643913,0.462891,0.467851,0.475541,0.529293,0.304962,0.356436,0.584678,0.587305,0.532434,0.558971,0.569408,0.599204,0.592131,0.59632,0.550282,0.536686,0.509062,0.494082,0.527951,0.551189,0.634169,0.624006,0.600389,0.615423,0.593219,0.607453,0.621179,0.650067,0.60884,0.660253,0.729882,0.731429,0.547024,0.552126,0.411512,0.442358,0.36644,0.349287,0.336957,0.398586,0.376702,0.380776,0.487132,0.487519,0.562621,0.590128,0.532512,0.564443,0.577009,0.601823,0.461751,0.503432,0.595389,0.637208,0.513721,0.469106,0.513955,0.500281,0.274013,0.23693,0.372722,0.305115,0.352899,0.365426,0.492484,0.435843,0.399882,0.325737,0.314871,0.354051,0.309283,0.166202,0.177324,0.291108,0.344164,0.343744,0.305265,0.310409,0.250319,0.012041
"5",0.607531,0.549683,0.775811,0.719022,1,0.811258,0.769678,0.707867,0.807494,0.734758,0.522022,0.500014,0.580579,0.525931,0.620728,0.557804,0.419829,0.431467,0.569198,0.541303,0.41736,0.348722,0.653743,0.622694,0.580284,0.527983,0.672925,0.618507,0.38602,0.380017,0.446657,0.429793,0.589729,0.551234,0.55739,0.535021,0.401331,0.410482,0.402334,0.451421,0.199067,0.235986,0.526012,0.522241,0.469803,0.496669,0.506142,0.531164,0.554907,0.568396,0.53759,0.549713,0.502882,0.497722,0.485937,0.507686,0.528963,0.523953,0.617246,0.611691,0.610006,0.581917,0.508039,0.522873,0.523816,0.583408,0.646953,0.615603,0.483264,0.502033,0.30211,0.356791,0.262997,0.246365,0.262428,0.338367,0.320594,0.324644,0.372751,0.383765,0.418712,0.431854,0.443941,0.456957,0.43885,0.417544,0.413126,0.397377,0.593134,0.607327,0.466716,0.45452,0.463292,0.483584,0.236683,0.184622,0.319346,0.248111,0.308767,0.334706,0.430465,0.429076,0.353918,0.308873,0.234651,0.286534,0.293971,0.156409,0.143407,0.255484,0.30547,0.324212,0.332988,0.315696,0.242698,0.007711
"6",0.588598,0.528186,0.721733,0.730379,0.811258,1,0.705981,0.722086,0.714938,0.804677,0.474431,0.516248,0.530346,0.555084,0.567617,0.57541,0.391507,0.404847,0.53768,0.526246,0.390103,0.363935,0.626018,0.640098,0.547171,0.564089,0.596444,0.658104,0.339106,0.368715,0.421523,0.422837,0.558162,0.530228,0.517566,0.515684,0.383108,0.401675,0.375105,0.439783,0.189559,0.244901,0.486398,0.486723,0.41621,0.458215,0.480935,0.499709,0.533271,0.55957,0.521133,0.55832,0.528825,0.520287,0.482372,0.488918,0.501949,0.493619,0.586229,0.599241,0.574808,0.586141,0.472418,0.510411,0.475013,0.589634,0.597888,0.591996,0.448625,0.462663,0.278467,0.339631,0.242077,0.240374,0.240129,0.330172,0.297349,0.306832,0.349853,0.351793,0.398512,0.397431,0.422596,0.441646,0.420325,0.401974,0.424044,0.399306,0.572913,0.598412,0.475534,0.43834,0.477262,0.460511,0.207061,0.161915,0.292837,0.225315,0.29278,0.314728,0.430377,0.408496,0.352306,0.299879,0.230671,0.280154,0.281659,0.155228,0.116383,0.237361,0.28021,0.309746,0.320899,0.305385,0.224671,-0.010755
"7",0.726177,0.604064,0.882504,0.818658,0.769678,0.705981,1,0.888749,0.796397,0.747419,0.686028,0.657538,0.751237,0.694102,0.675587,0.642753,0.540281,0.51577,0.68771,0.617025,0.420672,0.374645,0.731972,0.688032,0.577662,0.563491,0.560331,0.560082,0.534621,0.509802,0.592209,0.576364,0.692736,0.661275,0.604796,0.562656,0.421497,0.389563,0.430544,0.454748,0.25631,0.289231,0.563277,0.557775,0.504438,0.5275,0.547929,0.56238,0.577399,0.570229,0.573703,0.554736,0.518445,0.497878,0.527692,0.529807,0.591851,0.546047,0.661904,0.6251,0.736909,0.673013,0.645109,0.646236,0.612081,0.671577,0.692152,0.661782,0.490454,0.498576,0.425441,0.447817,0.377726,0.337284,0.349433,0.396154,0.37127,0.365599,0.503984,0.493788,0.558505,0.558168,0.532572,0.55227,0.551147,0.517407,0.411008,0.415992,0.639429,0.620801,0.466756,0.466986,0.43511,0.484824,0.270709,0.216092,0.338122,0.288536,0.329442,0.351378,0.471204,0.467578,0.377285,0.331272,0.266409,0.319377,0.279223,0.172865,0.168051,0.283684,0.292908,0.306924,0.302143,0.305573,0.257738,0.049415
"8",0.733429,0.655014,0.781109,0.871837,0.707867,0.722086,0.888749,1,0.720755,0.775996,0.650406,0.738389,0.691492,0.762701,0.629442,0.674376,0.562129,0.551889,0.671754,0.643706,0.421634,0.385593,0.668853,0.685071,0.544146,0.573505,0.526631,0.562533,0.559924,0.573208,0.607833,0.615723,0.704864,0.703813,0.590583,0.582516,0.411631,0.395564,0.403715,0.452154,0.267791,0.309967,0.55858,0.552629,0.504665,0.531752,0.543789,0.564706,0.579809,0.564737,0.577007,0.546419,0.507356,0.468026,0.52785,0.525122,0.617462,0.591329,0.656308,0.656268,0.697894,0.728248,0.63346,0.727008,0.538762,0.691426,0.685389,0.69774,0.516851,0.528585,0.423704,0.441326,0.389956,0.368086,0.342518,0.392463,0.377715,0.377948,0.508239,0.508458,0.543553,0.554498,0.519661,0.558982,0.504259,0.505004,0.382321,0.384279,0.590631,0.598763,0.460151,0.411203,0.411938,0.413684,0.255991,0.210905,0.338067,0.277938,0.325919,0.329122,0.471791,0.418045,0.372595,0.302203,0.257277,0.291742,0.284822,0.166425,0.148661,0.281664,0.284462,0.294374,0.26779,0.285771,0.239144,0.035259
"9",0.56637,0.502421,0.762259,0.702252,0.807494,0.714938,0.796397,0.720755,1,0.774142,0.541022,0.502573,0.638342,0.561147,0.665594,0.586542,0.429541,0.435496,0.539123,0.497896,0.372628,0.31885,0.645794,0.607843,0.55902,0.516382,0.547577,0.554228,0.427026,0.41888,0.464167,0.460892,0.570798,0.543372,0.511933,0.491541,0.347217,0.336698,0.374732,0.392907,0.202166,0.228719,0.485084,0.477923,0.418173,0.448834,0.480163,0.489108,0.511207,0.52635,0.488432,0.504851,0.473104,0.451003,0.453164,0.467037,0.485489,0.477918,0.586626,0.574093,0.637284,0.603349,0.518719,0.530927,0.531553,0.589631,0.576375,0.543557,0.417861,0.43329,0.334105,0.400986,0.301415,0.268219,0.283618,0.330237,0.340148,0.337964,0.391434,0.402609,0.423413,0.435464,0.460454,0.471211,0.461378,0.407609,0.363318,0.345838,0.593361,0.583549,0.459606,0.450097,0.467151,0.494909,0.234639,0.193137,0.312844,0.260369,0.303365,0.340161,0.455524,0.465469,0.375036,0.340063,0.264089,0.302118,0.301672,0.197986,0.146997,0.236174,0.297404,0.312639,0.344036,0.309322,0.227846,0.04508
"10",0.571422,0.502028,0.70044,0.737197,0.734758,0.804677,0.747419,0.775996,0.774142,1,0.515131,0.562478,0.610547,0.631504,0.603486,0.635322,0.382488,0.387688,0.522389,0.486071,0.351194,0.318643,0.600409,0.616612,0.484361,0.507502,0.534644,0.590433,0.358607,0.383057,0.414539,0.428085,0.519361,0.498065,0.463923,0.456309,0.335749,0.347119,0.331048,0.392217,0.179723,0.21221,0.437584,0.437976,0.359597,0.401374,0.430585,0.443152,0.474587,0.484104,0.482124,0.493377,0.486856,0.464224,0.433779,0.436977,0.465508,0.461089,0.55903,0.577792,0.617576,0.663486,0.489338,0.541158,0.50544,0.630094,0.528524,0.522724,0.401137,0.403749,0.302399,0.345791,0.252584,0.236877,0.23759,0.292131,0.27525,0.280722,0.355813,0.354357,0.404582,0.410797,0.441406,0.460891,0.451153,0.409561,0.381939,0.37774,0.567171,0.587154,0.435024,0.392849,0.447326,0.431897,0.196108,0.156643,0.235643,0.189769,0.234709,0.257454,0.422324,0.395745,0.329648,0.276154,0.208591,0.253239,0.242522,0.153449,0.106026,0.212049,0.217605,0.231158,0.274391,0.247965,0.184624,0.013083
"11",0.732387,0.585194,0.606006,0.578214,0.522022,0.474431,0.686028,0.650406,0.541022,0.515131,1,0.758579,0.845264,0.741816,0.714794,0.676882,0.658925,0.600731,0.649277,0.571545,0.374816,0.308804,0.58018,0.516398,0.452106,0.427052,0.468813,0.468454,0.664553,0.613333,0.505013,0.49482,0.55176,0.559294,0.441185,0.38794,0.370094,0.337954,0.357977,0.382605,0.304708,0.287729,0.420385,0.412133,0.349279,0.362092,0.407957,0.423932,0.397878,0.380034,0.420916,0.370502,0.405884,0.371898,0.439368,0.421948,0.57097,0.505793,0.470849,0.464921,0.585571,0.50885,0.676222,0.599441,0.435776,0.458434,0.46525,0.448525,0.417342,0.401607,0.355354,0.341527,0.377613,0.326922,0.323771,0.309745,0.2928,0.295513,0.584608,0.572099,0.643942,0.628104,0.621093,0.613181,0.581959,0.507668,0.446499,0.457087,0.534861,0.504763,0.270075,0.295384,0.224853,0.286008,0.237784,0.191965,0.254305,0.207488,0.211034,0.230355,0.277815,0.303259,0.221736,0.189077,0.178202,0.222162,0.138732,0.050419,0.14643,0.263151,0.182929,0.220239,0.164279,0.201714,0.188252,0.111858
"12",0.690289,0.616922,0.570737,0.640002,0.500014,0.516248,0.657538,0.738389,0.502573,0.562478,0.758579,1,0.726788,0.861149,0.64147,0.726712,0.593713,0.601227,0.585036,0.558028,0.365581,0.306085,0.555333,0.552037,0.438879,0.470567,0.456798,0.490936,0.629228,0.6554,0.506191,0.509891,0.535201,0.561067,0.407258,0.376892,0.372471,0.352162,0.350679,0.38592,0.305912,0.310836,0.407973,0.410666,0.325734,0.356784,0.411912,0.420263,0.416619,0.419912,0.499869,0.45882,0.495449,0.456753,0.495509,0.479018,0.533775,0.500217,0.475992,0.492187,0.550474,0.547851,0.644256,0.688482,0.366128,0.477376,0.455705,0.470699,0.397628,0.389162,0.338122,0.315118,0.338386,0.321504,0.26335,0.265093,0.241938,0.255427,0.523733,0.528991,0.594101,0.61156,0.570966,0.615602,0.517322,0.553421,0.40583,0.437336,0.50863,0.552467,0.291954,0.259422,0.221872,0.221815,0.202358,0.167241,0.219102,0.171916,0.193974,0.206064,0.294499,0.254656,0.204154,0.151238,0.166338,0.180771,0.117421,0.025782,0.108521,0.227167,0.130386,0.15912,0.123969,0.147183,0.124,0.083104
"13",0.689967,0.567233,0.678346,0.633115,0.580579,0.530346,0.751237,0.691492,0.638342,0.610547,0.845264,0.726788,1,0.810722,0.836914,0.751526,0.583672,0.546701,0.630604,0.553893,0.382103,0.335606,0.662029,0.599508,0.541045,0.504912,0.541826,0.552574,0.613984,0.569783,0.514038,0.497628,0.533411,0.522398,0.486914,0.407822,0.397278,0.371957,0.386409,0.424853,0.307167,0.29749,0.460685,0.44947,0.391632,0.405828,0.444167,0.455364,0.434369,0.41935,0.459129,0.411449,0.434459,0.422192,0.481746,0.463202,0.544189,0.502418,0.494746,0.470599,0.611435,0.533128,0.651977,0.559818,0.539822,0.529678,0.503287,0.474927,0.403668,0.399218,0.367785,0.371907,0.347308,0.297684,0.315355,0.324256,0.26994,0.27709,0.567606,0.549967,0.670851,0.665645,0.667752,0.644998,0.680144,0.579214,0.495726,0.512669,0.606731,0.561108,0.301924,0.338655,0.27514,0.358324,0.271494,0.220871,0.270196,0.221737,0.220436,0.239222,0.317809,0.352391,0.245757,0.215694,0.211494,0.268092,0.160361,0.076637,0.150867,0.283853,0.176642,0.205451,0.169146,0.193076,0.191306,0.096106
"14",0.658501,0.572463,0.619231,0.684657,0.525931,0.555084,0.694102,0.762701,0.561147,0.631504,0.741816,0.861149,0.810722,1,0.723802,0.806853,0.562738,0.544215,0.572846,0.537531,0.390669,0.34278,0.629664,0.638147,0.521872,0.540479,0.524724,0.568062,0.604747,0.621751,0.524637,0.526649,0.529401,0.530607,0.457529,0.402731,0.40515,0.390737,0.390086,0.441021,0.329542,0.346294,0.42366,0.422161,0.358437,0.382552,0.414524,0.429027,0.40931,0.4032,0.500771,0.443147,0.486462,0.470922,0.52935,0.496294,0.514784,0.486211,0.457328,0.465967,0.551711,0.553709,0.630029,0.639014,0.481149,0.547441,0.491744,0.499873,0.389457,0.384641,0.371015,0.358972,0.336151,0.322462,0.280746,0.290649,0.251538,0.269782,0.522442,0.507791,0.620233,0.643688,0.616448,0.643332,0.606251,0.624151,0.456113,0.502154,0.563021,0.577467,0.323818,0.299632,0.274061,0.283192,0.239783,0.220933,0.248131,0.209881,0.211223,0.227494,0.334167,0.304087,0.238417,0.191928,0.21766,0.249998,0.152773,0.054375,0.12283,0.260138,0.143993,0.169649,0.143782,0.157575,0.169294,0.098788
"15",0.642363,0.575456,0.691309,0.648976,0.620728,0.567617,0.675587,0.629442,0.665594,0.603486,0.714794,0.64147,0.836914,0.723802,1,0.839838,0.627059,0.599023,0.630344,0.584117,0.517348,0.443582,0.75633,0.688938,0.651963,0.62486,0.646233,0.660538,0.669977,0.625719,0.605717,0.579879,0.570402,0.559267,0.526725,0.440869,0.434651,0.409521,0.48606,0.511967,0.40333,0.393966,0.505639,0.501766,0.427641,0.446392,0.49986,0.506051,0.457149,0.44792,0.395498,0.387845,0.384033,0.404991,0.490302,0.493018,0.569853,0.527394,0.434235,0.420826,0.492167,0.422954,0.654015,0.543211,0.528031,0.455211,0.528227,0.496692,0.449895,0.445485,0.372471,0.3907,0.383106,0.34635,0.34003,0.348901,0.293284,0.298843,0.606777,0.598677,0.677213,0.680269,0.778736,0.72347,0.637575,0.567464,0.589184,0.586506,0.545914,0.525449,0.308082,0.330707,0.306462,0.372945,0.30401,0.279017,0.322279,0.266922,0.234202,0.256727,0.31359,0.329474,0.264039,0.230635,0.258294,0.31712,0.189011,0.093435,0.186537,0.338164,0.228562,0.232173,0.190615,0.24467,0.232952,0.116643
"16",0.603589,0.554584,0.631398,0.676307,0.557804,0.57541,0.642753,0.674376,0.586542,0.635322,0.676882,0.726712,0.751526,0.806853,0.839838,1,0.619676,0.598883,0.58514,0.563836,0.498031,0.456106,0.711777,0.713658,0.609304,0.632239,0.583172,0.636124,0.675526,0.693368,0.614782,0.626168,0.55387,0.561815,0.476141,0.421257,0.408983,0.40445,0.468366,0.528982,0.399511,0.411265,0.473253,0.485403,0.387935,0.420266,0.484215,0.485839,0.424028,0.422153,0.380355,0.36813,0.394266,0.407183,0.483884,0.484583,0.538651,0.498213,0.386127,0.383482,0.462842,0.433159,0.649882,0.601654,0.452384,0.439462,0.489622,0.487881,0.418726,0.413389,0.380678,0.384151,0.380384,0.363728,0.328498,0.333052,0.293168,0.304592,0.591376,0.591471,0.665556,0.688814,0.753618,0.776266,0.585847,0.601962,0.553237,0.591699,0.480898,0.507957,0.290231,0.269355,0.295401,0.303921,0.278634,0.270882,0.283816,0.240762,0.196249,0.211941,0.297787,0.273464,0.236453,0.188171,0.253621,0.30134,0.160958,0.063242,0.172965,0.320592,0.182133,0.187464,0.14304,0.197491,0.186917,0.123399
"17",0.708004,0.709144,0.539323,0.53708,0.419829,0.391507,0.540281,0.562129,0.429541,0.382488,0.658925,0.593713,0.583672,0.562738,0.627059,0.619676,1,0.894925,0.706824,0.734482,0.51219,0.449621,0.55786,0.503545,0.484757,0.499098,0.397868,0.425274,0.860007,0.817373,0.683927,0.670624,0.755495,0.765517,0.510263,0.477975,0.463612,0.429454,0.484319,0.512567,0.455171,0.445349,0.623182,0.608226,0.561514,0.56495,0.608619,0.629736,0.545486,0.493113,0.383639,0.320569,0.314419,0.303213,0.491096,0.512597,0.785955,0.701411,0.437059,0.400851,0.415613,0.309624,0.748481,0.64898,0.326185,0.281556,0.57463,0.557001,0.65056,0.625508,0.445368,0.430901,0.532567,0.489876,0.445696,0.428078,0.485028,0.472854,0.903607,0.869496,0.823728,0.759068,0.692479,0.733999,0.444117,0.432911,0.426304,0.430068,0.368734,0.371191,0.24679,0.250461,0.201402,0.248502,0.383993,0.353526,0.47826,0.422985,0.352193,0.353667,0.289082,0.267098,0.298691,0.252811,0.309328,0.343935,0.245704,0.13073,0.26846,0.410601,0.37336,0.358886,0.225524,0.353922,0.323508,0.160985
"18",0.679699,0.758531,0.528452,0.54465,0.431467,0.404847,0.51577,0.551889,0.435496,0.387688,0.600731,0.601227,0.546701,0.544215,0.599023,0.598883,0.894925,1,0.678237,0.73446,0.501137,0.444218,0.550905,0.496003,0.479494,0.499038,0.424728,0.43997,0.791371,0.828219,0.660732,0.650017,0.729353,0.750714,0.496168,0.47052,0.427121,0.423716,0.447892,0.504445,0.4115,0.447338,0.622052,0.623243,0.552309,0.570813,0.613706,0.640063,0.548907,0.514179,0.380335,0.334824,0.32277,0.31793,0.479414,0.520733,0.776062,0.758868,0.406602,0.394245,0.377469,0.291433,0.711798,0.68391,0.314283,0.250043,0.551483,0.540995,0.644843,0.631939,0.414796,0.402756,0.484136,0.480791,0.405746,0.415198,0.434482,0.443105,0.814197,0.885213,0.738234,0.744386,0.63219,0.710339,0.404864,0.405028,0.403103,0.421529,0.35501,0.373547,0.238544,0.244422,0.188902,0.24905,0.346101,0.31248,0.469169,0.381633,0.347581,0.341252,0.266211,0.246228,0.289074,0.228038,0.270165,0.303739,0.231437,0.100252,0.234502,0.364296,0.35683,0.352385,0.220671,0.355009,0.297902,0.120508
"19",0.844637,0.794182,0.713862,0.693844,0.569198,0.53768,0.68771,0.671754,0.539123,0.522389,0.649277,0.585036,0.630604,0.572846,0.630344,0.58514,0.706824,0.678237,1,0.922676,0.458227,0.419509,0.659437,0.581963,0.4783,0.469595,0.465761,0.476234,0.629096,0.60096,0.649876,0.629015,0.832772,0.824236,0.608824,0.579397,0.476761,0.461823,0.460918,0.504929,0.366228,0.402206,0.601981,0.580653,0.562107,0.568216,0.549073,0.599057,0.5722,0.526597,0.471781,0.39337,0.387346,0.375564,0.471067,0.487264,0.782331,0.710867,0.580998,0.556812,0.546813,0.472375,0.698285,0.63176,0.456783,0.443503,0.71242,0.676372,0.766115,0.734687,0.424903,0.416033,0.507467,0.481359,0.468111,0.488077,0.515047,0.510148,0.642883,0.638274,0.6679,0.652451,0.569146,0.589701,0.507877,0.464951,0.442527,0.440734,0.516331,0.492495,0.376222,0.41587,0.336689,0.399196,0.350638,0.309601,0.446289,0.384522,0.366217,0.383379,0.414124,0.391043,0.391471,0.338027,0.280399,0.328672,0.316559,0.200546,0.219775,0.381214,0.427371,0.425555,0.297697,0.38354,0.317283,0.039504
"20",0.811516,0.863688,0.648915,0.679313,0.541303,0.526246,0.617025,0.643706,0.497896,0.486071,0.571545,0.558028,0.553893,0.537531,0.584117,0.563836,0.734482,0.73446,0.922676,1,0.468835,0.446674,0.614167,0.55976,0.46769,0.474107,0.449141,0.457997,0.635428,0.635658,0.648184,0.640116,0.864287,0.875765,0.603614,0.602898,0.482554,0.487889,0.469762,0.534196,0.387705,0.44268,0.640892,0.627102,0.604156,0.617518,0.585044,0.648865,0.605356,0.559457,0.461028,0.390573,0.373858,0.364171,0.485446,0.511316,0.811409,0.785006,0.567256,0.552962,0.478365,0.413041,0.680553,0.643283,0.390356,0.38884,0.737241,0.713449,0.865756,0.849857,0.416252,0.420873,0.524316,0.525098,0.469715,0.516497,0.555538,0.561586,0.660287,0.67844,0.655389,0.650374,0.557252,0.606546,0.443662,0.431666,0.416372,0.412204,0.475159,0.450347,0.377835,0.394719,0.344311,0.38646,0.405716,0.367803,0.521694,0.442754,0.399438,0.396122,0.424206,0.379215,0.42064,0.336524,0.307124,0.341544,0.356442,0.219945,0.256169,0.420501,0.495987,0.468707,0.320187,0.438375,0.356189,0.037377
"21",0.425428,0.436407,0.465021,0.474111,0.41736,0.390103,0.420672,0.421634,0.372628,0.351194,0.374816,0.365581,0.382103,0.390669,0.517348,0.498031,0.51219,0.501137,0.458227,0.468835,1,0.800948,0.513107,0.489585,0.513321,0.539437,0.506879,0.528101,0.547027,0.539902,0.629557,0.595535,0.52546,0.5259,0.453003,0.420445,0.497592,0.47149,0.570005,0.570693,0.540089,0.507788,0.401271,0.404197,0.355633,0.358098,0.434488,0.444256,0.356186,0.348108,0.283329,0.288087,0.253533,0.289949,0.430762,0.463675,0.431546,0.40045,0.307468,0.280314,0.272895,0.234654,0.413009,0.37194,0.311413,0.285472,0.446764,0.430618,0.410171,0.398592,0.427328,0.404263,0.459441,0.420119,0.401392,0.353633,0.316263,0.309813,0.459986,0.473723,0.461441,0.451791,0.527434,0.539751,0.316883,0.334433,0.423371,0.433869,0.342494,0.358305,0.28883,0.276739,0.265745,0.286127,0.303434,0.318607,0.336709,0.3007,0.2592,0.271308,0.274703,0.25294,0.265845,0.224749,0.288393,0.296557,0.231668,0.126203,0.22007,0.295089,0.284504,0.273873,0.185782,0.265962,0.278475,0.16385
"22",0.385908,0.391346,0.407303,0.427846,0.348722,0.363935,0.374645,0.385593,0.31885,0.318643,0.308804,0.306085,0.335606,0.34278,0.443582,0.456106,0.449621,0.444218,0.419509,0.446674,0.800948,1,0.44993,0.447741,0.447192,0.504622,0.426579,0.504803,0.474688,0.501744,0.565714,0.570887,0.490185,0.488722,0.407638,0.382464,0.514031,0.500682,0.554588,0.609258,0.519411,0.583342,0.357883,0.366357,0.338045,0.340432,0.394657,0.410654,0.332522,0.326922,0.271372,0.27096,0.215878,0.247724,0.398371,0.428723,0.408306,0.376263,0.289931,0.271069,0.260015,0.225294,0.362773,0.345077,0.290585,0.280187,0.424614,0.417372,0.404291,0.391527,0.390181,0.414532,0.441996,0.424137,0.38555,0.362953,0.295271,0.291385,0.3928,0.399687,0.411654,0.405397,0.480031,0.532038,0.294748,0.30658,0.392895,0.407143,0.329047,0.334169,0.291718,0.285612,0.272791,0.298336,0.302195,0.360743,0.341624,0.322723,0.287173,0.290825,0.302169,0.277434,0.299876,0.260185,0.323365,0.32922,0.297912,0.212879,0.229313,0.299535,0.304864,0.306764,0.174351,0.28314,0.310801,0.157121
"23",0.630849,0.558281,0.860509,0.805272,0.653743,0.626018,0.731972,0.668853,0.645794,0.600409,0.58018,0.555333,0.662029,0.629664,0.75633,0.711777,0.55786,0.550905,0.659437,0.614167,0.513107,0.44993,1,0.929865,0.803469,0.777408,0.703,0.717451,0.509012,0.501089,0.717352,0.706004,0.642469,0.623313,0.685138,0.584372,0.458505,0.447716,0.492373,0.527606,0.3562,0.362482,0.555368,0.559685,0.488464,0.506247,0.544909,0.558821,0.494997,0.508625,0.430677,0.432496,0.443407,0.470865,0.48691,0.501301,0.5756,0.528312,0.428483,0.427994,0.458866,0.418006,0.613274,0.508208,0.661375,0.550853,0.658226,0.62526,0.465738,0.472831,0.385634,0.423572,0.349761,0.325322,0.331183,0.366486,0.31813,0.319672,0.530246,0.516457,0.620698,0.641957,0.620265,0.604641,0.655932,0.625247,0.537519,0.568407,0.537753,0.554314,0.444874,0.447309,0.470177,0.497788,0.265223,0.22979,0.330042,0.276984,0.291701,0.312429,0.377091,0.383053,0.309273,0.282396,0.318846,0.372181,0.237589,0.099811,0.158223,0.274368,0.289432,0.281271,0.248276,0.2701,0.247249,0.03516
"24",0.580822,0.509093,0.804026,0.833144,0.622694,0.640098,0.688032,0.685071,0.607843,0.616612,0.516398,0.552037,0.599508,0.638147,0.688938,0.713658,0.503545,0.496003,0.581963,0.55976,0.489585,0.447741,0.929865,1,0.787227,0.810908,0.678035,0.727139,0.462665,0.465486,0.661991,0.68845,0.585473,0.578132,0.65341,0.572266,0.433348,0.434049,0.475849,0.524817,0.334294,0.354376,0.505779,0.515396,0.438219,0.463144,0.502261,0.513978,0.454924,0.474544,0.414317,0.428714,0.441161,0.475386,0.462423,0.483161,0.525238,0.480274,0.402918,0.413822,0.431112,0.434729,0.558548,0.505254,0.626845,0.582133,0.628047,0.618821,0.410711,0.42533,0.344623,0.39854,0.308707,0.282861,0.284317,0.320704,0.276498,0.277719,0.469297,0.459052,0.573641,0.603043,0.583024,0.585388,0.607742,0.630532,0.504399,0.553874,0.499762,0.552997,0.449168,0.411701,0.484101,0.458871,0.225733,0.199291,0.283155,0.236108,0.25038,0.278408,0.369786,0.348718,0.283179,0.246018,0.295545,0.34814,0.212336,0.079214,0.128796,0.238967,0.242645,0.229561,0.220384,0.220308,0.190768,0.014375
"25",0.502332,0.457758,0.705701,0.668576,0.580284,0.547171,0.577662,0.544146,0.55902,0.484361,0.452106,0.438879,0.541045,0.521872,0.651963,0.609304,0.484757,0.479494,0.4783,0.46769,0.513321,0.447192,0.803469,0.787227,1,0.867774,0.733428,0.719587,0.444264,0.446832,0.638979,0.610039,0.54247,0.512207,0.627819,0.540104,0.393573,0.372919,0.463643,0.475418,0.31912,0.308494,0.504248,0.507232,0.446601,0.453766,0.515724,0.508177,0.444044,0.469036,0.384091,0.403553,0.38583,0.432669,0.445529,0.475725,0.489239,0.461335,0.366899,0.365315,0.356556,0.313255,0.497086,0.401577,0.54016,0.461961,0.585855,0.558055,0.385919,0.398786,0.352732,0.392634,0.299427,0.277557,0.254473,0.294923,0.277957,0.280163,0.450703,0.448718,0.525398,0.531995,0.5566,0.538433,0.541579,0.530518,0.461603,0.493237,0.431379,0.473551,0.374138,0.368633,0.407613,0.431818,0.246285,0.208028,0.326373,0.260137,0.268936,0.289368,0.338079,0.34646,0.280171,0.258332,0.31718,0.371409,0.24129,0.081549,0.165398,0.268066,0.249112,0.237654,0.221872,0.249626,0.216232,0.047513
"26",0.495559,0.466158,0.679323,0.696108,0.527983,0.564089,0.563491,0.573505,0.516382,0.507502,0.427052,0.470567,0.504912,0.540479,0.62486,0.632239,0.499098,0.499038,0.469595,0.474107,0.539437,0.504622,0.777408,0.810908,0.867774,1,0.696964,0.748893,0.479063,0.487011,0.682308,0.682426,0.553441,0.538826,0.605658,0.539757,0.389767,0.381431,0.455583,0.494712,0.330922,0.342764,0.503325,0.504692,0.441024,0.457732,0.501272,0.494113,0.431604,0.453815,0.369168,0.395515,0.366745,0.421156,0.447106,0.470139,0.487856,0.458997,0.34518,0.349126,0.319996,0.307021,0.488112,0.443187,0.492055,0.464159,0.567531,0.568301,0.398586,0.405627,0.342449,0.391333,0.310868,0.285891,0.246437,0.289878,0.252125,0.258268,0.466043,0.464068,0.511665,0.530644,0.552278,0.553702,0.470512,0.503868,0.449768,0.465777,0.386032,0.444272,0.339308,0.29435,0.373028,0.349131,0.224914,0.217794,0.311376,0.244035,0.247231,0.245873,0.284131,0.276456,0.230636,0.198387,0.271029,0.308462,0.195214,0.056753,0.137676,0.24876,0.205112,0.191614,0.177386,0.20963,0.183882,0.020494
"27",0.521666,0.470409,0.656308,0.634564,0.672925,0.596444,0.560331,0.526631,0.547577,0.534644,0.468813,0.456798,0.541826,0.524724,0.646233,0.583172,0.397868,0.424728,0.465761,0.449141,0.506879,0.426579,0.703,0.678035,0.733428,0.696964,1,0.842286,0.352923,0.366033,0.505469,0.466977,0.484029,0.445577,0.562282,0.47679,0.388529,0.414653,0.399164,0.460519,0.233085,0.283441,0.442568,0.449291,0.394598,0.404433,0.444026,0.459696,0.414703,0.440198,0.417686,0.438223,0.395266,0.453866,0.44757,0.473618,0.465726,0.454637,0.397399,0.415944,0.396569,0.378413,0.461065,0.408322,0.554018,0.503033,0.547018,0.518362,0.397454,0.398906,0.262856,0.291546,0.228835,0.216249,0.182129,0.254866,0.211661,0.215087,0.366601,0.369812,0.448978,0.486263,0.49675,0.49841,0.533129,0.523384,0.496559,0.506055,0.501761,0.547393,0.34812,0.362771,0.343784,0.390028,0.216575,0.180054,0.284019,0.223659,0.234756,0.266735,0.290223,0.297865,0.247386,0.221629,0.223922,0.299524,0.195748,0.085815,0.130581,0.25138,0.240242,0.238405,0.194218,0.221507,0.197581,0.033719
"28",0.526271,0.465646,0.651135,0.664606,0.618507,0.658104,0.560082,0.562533,0.554228,0.590433,0.468454,0.490936,0.552574,0.568062,0.660538,0.636124,0.425274,0.43997,0.476234,0.457997,0.528101,0.504803,0.717451,0.727139,0.719587,0.748893,0.842286,1,0.38762,0.398187,0.523111,0.512572,0.493988,0.462796,0.581662,0.492329,0.437007,0.458912,0.458859,0.519651,0.301172,0.341002,0.438714,0.439058,0.385155,0.400411,0.430817,0.450813,0.406935,0.426742,0.424763,0.437033,0.410577,0.463645,0.478912,0.500796,0.469081,0.44372,0.407987,0.416379,0.416187,0.405785,0.471729,0.421239,0.559739,0.543987,0.551521,0.538097,0.386827,0.388924,0.283989,0.326176,0.255623,0.240679,0.232181,0.271278,0.204912,0.206358,0.389052,0.383459,0.475782,0.501254,0.536738,0.529362,0.542656,0.542905,0.527083,0.548536,0.526627,0.568742,0.389689,0.379079,0.389024,0.407716,0.221446,0.21355,0.284287,0.244974,0.246529,0.28397,0.333095,0.320113,0.269072,0.240935,0.266503,0.332963,0.219273,0.119957,0.145086,0.252696,0.238071,0.236191,0.202636,0.212903,0.222484,0.049986
"29",0.609496,0.597976,0.476444,0.486457,0.38602,0.339106,0.534621,0.559924,0.427026,0.358607,0.664553,0.629228,0.613984,0.604747,0.669977,0.675526,0.860007,0.791371,0.629096,0.635428,0.547027,0.474688,0.509012,0.462665,0.444264,0.479063,0.352923,0.38762,1,0.91001,0.733578,0.711925,0.66919,0.706358,0.405755,0.379125,0.455928,0.40886,0.503588,0.505196,0.530505,0.502773,0.496747,0.488795,0.437903,0.447438,0.514598,0.515933,0.440948,0.396456,0.332094,0.284563,0.280382,0.266525,0.477343,0.480157,0.623058,0.553086,0.375143,0.332748,0.385667,0.293243,0.668968,0.616487,0.225384,0.230927,0.457387,0.451493,0.526929,0.50447,0.479706,0.446927,0.587329,0.523473,0.474208,0.428733,0.438834,0.439565,0.798666,0.787644,0.732424,0.677411,0.756762,0.765922,0.359147,0.370461,0.40167,0.403514,0.326585,0.335616,0.172629,0.17156,0.110091,0.160383,0.403673,0.38119,0.421333,0.373515,0.278219,0.277633,0.239403,0.208857,0.242402,0.193181,0.26229,0.286105,0.186206,0.116526,0.291743,0.439888,0.280481,0.275078,0.160356,0.288594,0.281047,0.209774
"30",0.577906,0.614108,0.459008,0.506456,0.380017,0.368715,0.509802,0.573208,0.41888,0.383057,0.613333,0.6554,0.569783,0.621751,0.625719,0.693368,0.817373,0.828219,0.60096,0.635658,0.539902,0.501744,0.501089,0.465486,0.446832,0.487011,0.366033,0.398187,0.91001,1,0.720777,0.716178,0.661819,0.708864,0.385912,0.373311,0.441129,0.435049,0.485094,0.527244,0.497098,0.534928,0.482353,0.483072,0.417842,0.438897,0.51062,0.516956,0.430997,0.404482,0.33256,0.297383,0.301983,0.282761,0.484096,0.502562,0.598175,0.565497,0.356602,0.334202,0.357913,0.301159,0.642157,0.643849,0.216331,0.225332,0.434561,0.444449,0.527954,0.511763,0.479199,0.460824,0.560015,0.564924,0.456377,0.445681,0.433137,0.448726,0.759549,0.800301,0.692412,0.677508,0.701251,0.794826,0.344898,0.365053,0.392088,0.415683,0.327021,0.356786,0.192377,0.18571,0.12528,0.174105,0.394252,0.369716,0.427193,0.372468,0.285661,0.285283,0.251134,0.214108,0.257682,0.199377,0.26257,0.289243,0.208359,0.113972,0.274341,0.419566,0.282716,0.283233,0.175319,0.302807,0.280818,0.206642
"31",0.564755,0.565711,0.626023,0.637786,0.446657,0.421523,0.592209,0.607833,0.464167,0.414539,0.505013,0.506191,0.514038,0.524637,0.605717,0.614782,0.683927,0.660732,0.649876,0.648184,0.629557,0.565714,0.717352,0.661991,0.638979,0.682308,0.505469,0.523111,0.733578,0.720777,1,0.941712,0.747386,0.781417,0.611251,0.556911,0.445014,0.413199,0.481275,0.480848,0.438034,0.430487,0.534517,0.527403,0.502862,0.496856,0.545611,0.551656,0.459701,0.428639,0.343802,0.304993,0.294319,0.290344,0.448453,0.457579,0.584241,0.537972,0.366832,0.343126,0.364536,0.317576,0.577925,0.541786,0.385604,0.350685,0.586058,0.575144,0.525895,0.517842,0.501147,0.480527,0.521133,0.490778,0.46068,0.458973,0.450495,0.445561,0.636225,0.642054,0.605582,0.600568,0.603961,0.626386,0.376615,0.399995,0.339401,0.368377,0.332772,0.347118,0.302909,0.308057,0.269669,0.311221,0.360439,0.320815,0.423296,0.359741,0.325514,0.307524,0.317207,0.297958,0.302039,0.259343,0.312348,0.340442,0.241926,0.129416,0.251266,0.374181,0.342021,0.310852,0.183146,0.30158,0.297253,0.139844
"32",0.550062,0.541242,0.609181,0.657433,0.429793,0.422837,0.576364,0.615723,0.460892,0.428085,0.49482,0.509891,0.497628,0.526649,0.579879,0.626168,0.670624,0.650017,0.629015,0.640116,0.595535,0.570887,0.706004,0.68845,0.610039,0.682426,0.466977,0.512572,0.711925,0.716178,0.941712,1,0.727686,0.778728,0.589558,0.559777,0.424293,0.408238,0.468178,0.473443,0.424882,0.433883,0.513861,0.515004,0.466903,0.46941,0.536303,0.535974,0.437666,0.414642,0.314725,0.295903,0.305311,0.28529,0.428461,0.438578,0.561165,0.505121,0.353292,0.333073,0.35579,0.32534,0.567044,0.546986,0.382971,0.366458,0.563819,0.565079,0.497287,0.495083,0.48135,0.487563,0.508342,0.481396,0.44595,0.451414,0.443898,0.445843,0.623238,0.630669,0.594981,0.599212,0.587861,0.626354,0.383067,0.411223,0.333767,0.371566,0.325045,0.345124,0.316818,0.296782,0.292716,0.300855,0.341753,0.302321,0.387919,0.335198,0.300234,0.286132,0.313616,0.282049,0.284129,0.238272,0.309615,0.329697,0.226061,0.116049,0.244103,0.336976,0.316358,0.287545,0.170812,0.278049,0.264775,0.131827
"33",0.775318,0.771714,0.692942,0.700537,0.589729,0.558162,0.692736,0.704864,0.570798,0.519361,0.55176,0.535201,0.533411,0.529401,0.570402,0.55387,0.755495,0.729353,0.832772,0.864287,0.52546,0.490185,0.642469,0.585473,0.54247,0.553441,0.484029,0.493988,0.66919,0.661819,0.747386,0.727686,1,0.958535,0.757993,0.743618,0.522173,0.501363,0.520473,0.550852,0.384085,0.429897,0.68664,0.664848,0.666516,0.668083,0.652058,0.69897,0.652341,0.609135,0.534963,0.461445,0.412603,0.385117,0.548641,0.566302,0.790222,0.7461,0.639611,0.601271,0.575423,0.505309,0.713484,0.690541,0.494382,0.505781,0.826992,0.806816,0.802142,0.798266,0.465125,0.470392,0.53284,0.511743,0.48451,0.520674,0.601429,0.600445,0.677568,0.689147,0.651831,0.632559,0.557629,0.598765,0.442722,0.432212,0.388832,0.366145,0.509326,0.482057,0.419026,0.422581,0.369731,0.415946,0.413907,0.367963,0.549876,0.476961,0.431688,0.439888,0.463337,0.425672,0.445738,0.381017,0.362741,0.388926,0.399059,0.250525,0.276473,0.432793,0.522684,0.483564,0.341823,0.460192,0.403014,0.085459
"34",0.754578,0.773722,0.648794,0.688388,0.551234,0.530228,0.661275,0.703813,0.543372,0.498065,0.559294,0.561067,0.522398,0.530607,0.559267,0.561815,0.765517,0.750714,0.824236,0.875765,0.5259,0.488722,0.623313,0.578132,0.512207,0.538826,0.445577,0.462796,0.706358,0.708864,0.781417,0.778728,0.958535,1,0.710124,0.721796,0.504778,0.48796,0.508787,0.535633,0.401042,0.449731,0.663357,0.645137,0.633604,0.639959,0.636956,0.681162,0.624822,0.581183,0.501502,0.431944,0.400869,0.361287,0.533991,0.553167,0.76417,0.731297,0.601864,0.577207,0.54121,0.486779,0.699996,0.703173,0.42781,0.463641,0.773171,0.771356,0.772612,0.777862,0.484787,0.486935,0.562651,0.546154,0.502423,0.536613,0.617967,0.621038,0.689798,0.709698,0.646104,0.633538,0.564722,0.611642,0.405696,0.408173,0.36045,0.343806,0.47378,0.455938,0.40618,0.393259,0.351854,0.380738,0.415093,0.366183,0.550696,0.472195,0.428173,0.425297,0.452322,0.403996,0.438913,0.367779,0.356625,0.374604,0.380244,0.24063,0.282196,0.438657,0.514621,0.471114,0.329946,0.446816,0.392937,0.09947
"35",0.608618,0.567582,0.660261,0.669949,0.55739,0.517566,0.604796,0.590583,0.511933,0.463923,0.441185,0.407258,0.486914,0.457529,0.526725,0.476141,0.510263,0.496168,0.608824,0.603614,0.453003,0.407638,0.685138,0.65341,0.627819,0.605658,0.562282,0.581662,0.405755,0.385912,0.611251,0.589558,0.757993,0.710124,1,0.883401,0.481549,0.457043,0.455674,0.462521,0.282338,0.298036,0.601388,0.575407,0.618131,0.603181,0.552512,0.599121,0.543066,0.519097,0.478135,0.407088,0.384421,0.413949,0.455177,0.482729,0.613958,0.583687,0.551717,0.518962,0.533133,0.498516,0.537338,0.480621,0.667587,0.598507,0.822757,0.802888,0.542301,0.562183,0.367388,0.38655,0.35523,0.320551,0.367848,0.410731,0.456179,0.447898,0.464282,0.459464,0.519271,0.530437,0.438871,0.430223,0.523436,0.499925,0.372014,0.39168,0.505384,0.495239,0.465812,0.487923,0.454798,0.503299,0.31561,0.269212,0.432843,0.348453,0.37387,0.397393,0.448787,0.449056,0.39209,0.374461,0.35822,0.397843,0.326995,0.223762,0.211259,0.324201,0.437997,0.402316,0.303483,0.337054,0.340801,0.059015
"36",0.566458,0.552203,0.599594,0.643913,0.535021,0.515684,0.562656,0.582516,0.491541,0.456309,0.38794,0.376892,0.407822,0.402731,0.440869,0.421257,0.477975,0.47052,0.579397,0.602898,0.420445,0.382464,0.584372,0.572266,0.540104,0.539757,0.47679,0.492329,0.379125,0.373311,0.556911,0.559777,0.743618,0.721796,0.883401,1,0.476719,0.471442,0.443394,0.461221,0.26293,0.290263,0.587464,0.568191,0.592806,0.590758,0.554229,0.600545,0.540754,0.525684,0.462343,0.418196,0.378104,0.394183,0.461042,0.487911,0.582362,0.557106,0.552704,0.530133,0.496207,0.486026,0.483138,0.473019,0.550166,0.569403,0.789714,0.807351,0.55197,0.582708,0.389305,0.421405,0.363491,0.34227,0.365385,0.436505,0.525876,0.529869,0.421519,0.430769,0.45794,0.472535,0.384644,0.391394,0.432397,0.431646,0.309573,0.316156,0.474374,0.468151,0.513172,0.499077,0.501218,0.505872,0.332473,0.284564,0.458304,0.376729,0.40916,0.431136,0.495714,0.471589,0.442921,0.404312,0.365883,0.401031,0.378435,0.267891,0.22803,0.319785,0.484887,0.456068,0.385952,0.387003,0.352024,0.061097
"37",0.476872,0.447927,0.464816,0.462891,0.401331,0.383108,0.421497,0.411631,0.347217,0.335749,0.370094,0.372471,0.397278,0.40515,0.434651,0.408983,0.463612,0.427121,0.476761,0.482554,0.497592,0.514031,0.458505,0.433348,0.393573,0.389767,0.388529,0.437007,0.455928,0.441129,0.445014,0.424293,0.522173,0.504778,0.481549,0.476719,1,0.843038,0.742224,0.714482,0.637363,0.614117,0.408922,0.389297,0.382636,0.382006,0.438021,0.463285,0.408914,0.389105,0.454197,0.386075,0.399224,0.394503,0.594589,0.562525,0.457093,0.402474,0.378469,0.34284,0.352262,0.264588,0.433817,0.365227,0.366289,0.339607,0.501214,0.488232,0.430977,0.431399,0.499631,0.508243,0.479438,0.452516,0.493895,0.500717,0.520438,0.501828,0.416587,0.386156,0.483996,0.459076,0.472483,0.474571,0.444602,0.457247,0.446156,0.450372,0.527044,0.510417,0.534474,0.525198,0.455454,0.483317,0.442318,0.452494,0.525474,0.501733,0.497697,0.503744,0.473942,0.454143,0.463522,0.448835,0.503235,0.495611,0.399257,0.347808,0.354254,0.446495,0.495889,0.517711,0.431967,0.444647,0.485784,0.227755
"38",0.450898,0.446989,0.445067,0.467851,0.410482,0.401675,0.389563,0.395564,0.336698,0.347119,0.337954,0.352162,0.371957,0.390737,0.409521,0.40445,0.429454,0.423716,0.461823,0.487889,0.47149,0.500682,0.447716,0.434049,0.372919,0.381431,0.414653,0.458912,0.40886,0.435049,0.413199,0.408238,0.501363,0.48796,0.457043,0.471442,0.843038,1,0.655519,0.767748,0.575168,0.660992,0.390269,0.381291,0.371996,0.379771,0.409814,0.458044,0.377287,0.385028,0.421887,0.38509,0.377867,0.391168,0.556819,0.565,0.444627,0.405113,0.347955,0.331748,0.313295,0.249785,0.399628,0.349531,0.353776,0.332566,0.495419,0.493131,0.459617,0.466417,0.472176,0.501257,0.453633,0.465026,0.48158,0.528821,0.515818,0.518188,0.380321,0.375049,0.448698,0.461406,0.440383,0.481264,0.438555,0.486719,0.445617,0.483753,0.521643,0.545393,0.563464,0.561356,0.498207,0.524568,0.453441,0.491836,0.518368,0.519038,0.513774,0.527289,0.5003,0.482134,0.510191,0.489333,0.518643,0.516416,0.429583,0.370918,0.355354,0.444131,0.514216,0.53931,0.475871,0.493573,0.522511,0.219319
