"","V1","V2","V3","V4","V5","V6","V7","V8","V9","V10","V11","V12","V13","V14","V15","V16","V17","V18","V19","V20","V21","V22","V23","V24","V25","V26","V27","V28","V29","V30","V31","V32","V33","V34","V35","V36","V37","V38","V39","V40","V41","V42","V43","V44","V45","V46","V47","V48","V49","V50","V51","V52","V53","V54","V55","V56","V57","V58","V59","V60","V61","V62","V63","V64","V65","V66","V67","V68","V69","V70","V71","V72","V73","V74","V75","V76","V77","V78","V79","V80","V81","V82","V83","V84","V85","V86","V87","V88","V89","V90","V91","V92","V93","V94","V95","V96","V97","V98","V99","V100","V101","V102","V103","V104","V105","V106","V107","V108","V109","V110","V111","V112","V113","V114","V115","V116"
"1",1,0.737851,0.653673,0.644296,0.483064,0.464168,0.634966,0.65167,0.469241,0.467528,0.626024,0.600714,0.566279,0.552739,0.531977,0.512814,0.628221,0.584634,0.749555,0.696773,0.323268,0.228194,0.522397,0.452886,0.35805,0.318925,0.418684,0.399357,0.507568,0.519149,0.377685,0.368011,0.66101,0.632169,0.432037,0.433077,0.438715,0.402792,0.376405,0.399302,0.286934,0.294301,0.445916,0.413698,0.429982,0.401716,0.413882,0.467876,0.513632,0.455501,0.524212,0.431172,0.42902,0.35437,0.454733,0.478843,0.79445,0.670933,0.604856,0.588498,0.613534,0.519065,0.642133,0.59707,0.396728,0.426559,0.527055,0.500797,0.543442,0.492567,0.364927,0.370364,0.383146,0.367303,0.311691,0.362403,0.363798,0.374189,0.473681,0.491294,0.506776,0.481544,0.477188,0.477973,0.492521,0.409746,0.390233,0.377253,0.537746,0.538351,0.352978,0.394711,0.322004,0.412561,0.234984,0.199812,0.318174,0.331284,0.355795,0.387477,0.392031,0.426381,0.382593,0.340677,0.279491,0.320906,0.312538,0.202502,0.151257,0.282169,0.346802,0.359514,0.332326,0.34122,0.281909,0.066415
"2",0.737851,1,0.527559,0.583881,0.406094,0.37504,0.462486,0.547149,0.352618,0.356246,0.423711,0.519911,0.387324,0.448676,0.414805,0.42323,0.621902,0.661832,0.673266,0.775728,0.320205,0.245157,0.42307,0.359626,0.285416,0.283357,0.323109,0.328461,0.476344,0.544091,0.367566,0.345848,0.651968,0.659138,0.381523,0.404277,0.428426,0.419999,0.364249,0.423334,0.293834,0.328133,0.520224,0.507747,0.52277,0.51059,0.481995,0.550083,0.551709,0.504967,0.453666,0.38004,0.341167,0.286964,0.44006,0.489445,0.766907,0.86583,0.482806,0.519767,0.393996,0.353644,0.556001,0.562971,0.263265,0.264704,0.531431,0.511975,0.685804,0.665522,0.33272,0.334259,0.381325,0.421046,0.316302,0.399356,0.407415,0.440021,0.481063,0.532243,0.465337,0.455839,0.404342,0.442373,0.34527,0.325378,0.338816,0.334108,0.390159,0.424104,0.3158,0.3375,0.291799,0.359036,0.30374,0.28208,0.476182,0.394359,0.446118,0.400825,0.39358,0.364981,0.433611,0.32195,0.290534,0.309079,0.351084,0.236327,0.192293,0.342414,0.450717,0.435734,0.345911,0.424224,0.34956,0.044365
"3",0.653673,0.527559,1,0.80121,0.660622,0.576585,0.856908,0.730563,0.68123,0.589208,0.558284,0.561878,0.642017,0.608984,0.647695,0.633541,0.531237,0.495219,0.678756,0.547348,0.441207,0.352763,0.825766,0.729434,0.592766,0.513071,0.573799,0.554625,0.475552,0.489673,0.536168,0.531612,0.621832,0.571954,0.527774,0.507538,0.440797,0.426602,0.446606,0.481825,0.276213,0.295333,0.455906,0.425807,0.43317,0.436583,0.408683,0.455702,0.432394,0.459825,0.458198,0.425205,0.461323,0.38875,0.504928,0.509506,0.546222,0.525113,0.539243,0.554346,0.581794,0.528928,0.587961,0.539243,0.564523,0.563428,0.613243,0.5821,0.387418,0.407747,0.452729,0.494965,0.324691,0.318092,0.293274,0.342696,0.28735,0.303532,0.436371,0.409324,0.506363,0.515289,0.523528,0.531932,0.597757,0.521149,0.42732,0.433623,0.634438,0.619741,0.49141,0.540988,0.505231,0.570658,0.235215,0.264562,0.315689,0.336437,0.353754,0.409229,0.447728,0.522893,0.387264,0.370988,0.320131,0.37549,0.277592,0.194567,0.188536,0.262854,0.359715,0.368518,0.355861,0.345996,0.24437,0.072681
"4",0.644296,0.583881,0.80121,1,0.594273,0.58811,0.760903,0.846131,0.595492,0.615807,0.527345,0.603194,0.57875,0.654116,0.569962,0.611193,0.481833,0.466248,0.635661,0.606159,0.401015,0.315025,0.719914,0.759388,0.525434,0.54087,0.541916,0.562856,0.485324,0.519751,0.549429,0.548059,0.648875,0.64023,0.527158,0.543438,0.453183,0.460528,0.420633,0.467307,0.279481,0.30949,0.388142,0.373794,0.410794,0.388764,0.385399,0.437778,0.426153,0.412299,0.467762,0.407722,0.397372,0.334243,0.476313,0.478284,0.522573,0.532119,0.516892,0.553889,0.551056,0.576351,0.550638,0.588732,0.536217,0.598498,0.612732,0.616212,0.433687,0.451092,0.446099,0.476163,0.354399,0.343555,0.310283,0.376047,0.344531,0.367996,0.373543,0.36332,0.444363,0.465388,0.468289,0.5017,0.533079,0.530112,0.37282,0.398046,0.590385,0.603292,0.503523,0.489623,0.546626,0.540574,0.247022,0.244499,0.3589,0.314928,0.372297,0.376091,0.505116,0.503085,0.431013,0.360167,0.332177,0.360799,0.340146,0.230747,0.208705,0.289897,0.373024,0.368934,0.396406,0.321025,0.274813,0.070433
"5",0.483064,0.406094,0.660622,0.594273,1,0.732792,0.682942,0.599549,0.788687,0.686463,0.476777,0.458969,0.561053,0.483434,0.635108,0.544008,0.407882,0.418996,0.458352,0.38417,0.396218,0.265946,0.549229,0.538595,0.538825,0.422767,0.650745,0.562268,0.403285,0.354653,0.267852,0.277746,0.475839,0.410869,0.470467,0.485753,0.325812,0.316682,0.311397,0.361335,0.115526,0.131669,0.41442,0.386046,0.373105,0.403552,0.399752,0.408901,0.42044,0.457318,0.392457,0.4484,0.386608,0.383953,0.415482,0.439898,0.440575,0.436818,0.55819,0.551448,0.531724,0.514517,0.425751,0.461812,0.458856,0.49768,0.590737,0.553944,0.336608,0.374129,0.259894,0.299403,0.224907,0.181448,0.199092,0.228625,0.196511,0.193097,0.310364,0.306426,0.358136,0.381841,0.433852,0.428402,0.400698,0.381784,0.374189,0.374541,0.582424,0.590107,0.429154,0.434833,0.471638,0.502946,0.194922,0.139166,0.255118,0.21262,0.231774,0.321802,0.326475,0.42125,0.252836,0.221455,0.177667,0.216946,0.234388,0.11624,0.106006,0.178971,0.291002,0.312828,0.315815,0.294717,0.161984,-0.006851
"6",0.464168,0.37504,0.576585,0.58811,0.732792,1,0.64314,0.638442,0.679215,0.767612,0.478277,0.46941,0.535904,0.497513,0.551669,0.53905,0.340729,0.345494,0.4137,0.374779,0.352894,0.286895,0.481558,0.515757,0.511445,0.465963,0.545836,0.615439,0.362727,0.327543,0.24318,0.270381,0.459014,0.412595,0.449912,0.484518,0.313264,0.310945,0.299337,0.342198,0.138042,0.145978,0.40165,0.375268,0.347691,0.398253,0.397864,0.389422,0.419627,0.469652,0.396993,0.479836,0.395714,0.408552,0.404371,0.424957,0.395439,0.396769,0.570904,0.567771,0.522113,0.538037,0.387607,0.435224,0.409612,0.515292,0.558583,0.546169,0.315354,0.344416,0.234797,0.297109,0.218923,0.177934,0.199764,0.227723,0.20962,0.214225,0.24777,0.249111,0.308317,0.313344,0.383755,0.382378,0.353126,0.353121,0.374878,0.341118,0.514675,0.556987,0.430965,0.406491,0.478941,0.473208,0.191485,0.111746,0.251908,0.196103,0.239612,0.296549,0.330214,0.40704,0.266598,0.240772,0.202095,0.22011,0.258683,0.171023,0.101634,0.175942,0.269012,0.289106,0.299152,0.287637,0.179211,0.004389
"7",0.634966,0.462486,0.856908,0.760903,0.682942,0.64314,1,0.823136,0.756007,0.679816,0.649852,0.606115,0.734594,0.645855,0.638438,0.627733,0.480262,0.435381,0.616651,0.489738,0.39213,0.308977,0.690481,0.652284,0.510883,0.456295,0.515733,0.514727,0.524331,0.483644,0.452592,0.466835,0.603199,0.554642,0.501574,0.490797,0.379124,0.364114,0.378187,0.4172,0.233593,0.248403,0.413462,0.393239,0.386714,0.406693,0.387412,0.412962,0.415471,0.449887,0.434558,0.455914,0.409155,0.39085,0.460548,0.465631,0.481091,0.444157,0.608421,0.593543,0.688297,0.625417,0.559064,0.570793,0.55007,0.611205,0.611281,0.583418,0.33113,0.352142,0.433755,0.476719,0.319811,0.27369,0.287918,0.305568,0.259829,0.268518,0.375209,0.360829,0.451727,0.458901,0.503028,0.525678,0.522937,0.473616,0.374723,0.387516,0.635829,0.615173,0.461218,0.502495,0.488712,0.548592,0.212997,0.208125,0.283559,0.275964,0.296016,0.359941,0.432277,0.517994,0.3492,0.333837,0.264152,0.313471,0.253,0.186881,0.163536,0.230579,0.300248,0.319222,0.33102,0.290804,0.196194,0.065811
"8",0.65167,0.547149,0.730563,0.846131,0.599549,0.638442,0.823136,1,0.626151,0.691283,0.587487,0.705895,0.626829,0.737251,0.535832,0.607991,0.481041,0.464562,0.593288,0.550586,0.333236,0.254262,0.592681,0.614072,0.417802,0.434258,0.451194,0.476175,0.509412,0.555848,0.475539,0.474202,0.637128,0.631148,0.457749,0.484215,0.404652,0.410898,0.346877,0.40979,0.237378,0.2667,0.390511,0.385928,0.399626,0.392414,0.399233,0.439234,0.445993,0.441429,0.509771,0.473919,0.425171,0.365614,0.4881,0.486217,0.497866,0.480087,0.589803,0.621831,0.645516,0.685442,0.566228,0.651661,0.482419,0.626509,0.595456,0.605224,0.386099,0.408267,0.421525,0.464548,0.322021,0.32341,0.272448,0.342146,0.309348,0.33247,0.372397,0.365511,0.424716,0.437653,0.432868,0.487449,0.475519,0.455035,0.318516,0.338388,0.592014,0.587306,0.46517,0.450901,0.461899,0.470424,0.207345,0.19514,0.296128,0.270223,0.344313,0.345233,0.474282,0.467477,0.400934,0.333042,0.280745,0.30544,0.317006,0.212133,0.152863,0.248967,0.303916,0.31071,0.349964,0.286172,0.253048,0.062308
"9",0.469241,0.352618,0.68123,0.595492,0.788687,0.679215,0.756007,0.626151,1,0.738394,0.511003,0.439674,0.634055,0.505168,0.650281,0.533298,0.379538,0.378057,0.422751,0.33397,0.334506,0.255888,0.552217,0.556928,0.524118,0.441687,0.517793,0.515644,0.400055,0.330329,0.262365,0.275023,0.45602,0.397823,0.452987,0.453612,0.264208,0.229612,0.277317,0.300468,0.109807,0.131453,0.374139,0.345811,0.328821,0.369678,0.362162,0.368338,0.401101,0.448083,0.380986,0.447229,0.375508,0.357363,0.387291,0.406967,0.402107,0.398018,0.589753,0.572994,0.602006,0.569095,0.436226,0.47046,0.507064,0.547761,0.550479,0.511774,0.277889,0.310269,0.300482,0.348864,0.250038,0.193279,0.213489,0.220211,0.205089,0.201252,0.283249,0.303995,0.336297,0.353765,0.412609,0.401212,0.419119,0.373548,0.332138,0.330468,0.592859,0.587138,0.425718,0.449017,0.484223,0.528688,0.18013,0.138504,0.237397,0.216855,0.233127,0.325517,0.367198,0.47544,0.278984,0.28379,0.196169,0.250166,0.21854,0.155965,0.132759,0.169383,0.263872,0.291001,0.312533,0.284829,0.15758,0.051975
"10",0.467528,0.356246,0.589208,0.615807,0.686463,0.767612,0.679816,0.691283,0.738394,1,0.480526,0.503278,0.594924,0.57204,0.582659,0.618424,0.350985,0.352668,0.389334,0.340012,0.314519,0.233783,0.469852,0.521061,0.434656,0.398793,0.505077,0.527842,0.373519,0.363893,0.214865,0.24105,0.419048,0.376652,0.38609,0.403999,0.279672,0.285256,0.274126,0.304505,0.111955,0.141226,0.337888,0.317628,0.282789,0.325138,0.335482,0.336499,0.360287,0.405104,0.375622,0.434428,0.404811,0.381027,0.394626,0.397548,0.374278,0.376871,0.547721,0.556406,0.583766,0.637191,0.425018,0.491926,0.443466,0.569683,0.480223,0.474221,0.265855,0.29826,0.267497,0.316693,0.201774,0.171768,0.170232,0.211649,0.179127,0.194357,0.278304,0.264696,0.330627,0.337456,0.393158,0.416657,0.392771,0.369367,0.348736,0.335417,0.57715,0.590283,0.406545,0.399456,0.470363,0.467133,0.168353,0.123765,0.192657,0.163441,0.18723,0.272649,0.362788,0.433232,0.268236,0.255195,0.182503,0.224481,0.218647,0.143776,0.104146,0.168634,0.217533,0.239072,0.286949,0.243994,0.134368,0.045589
"11",0.626024,0.423711,0.558284,0.527345,0.476777,0.478277,0.649852,0.587487,0.511003,0.480526,1,0.612404,0.781366,0.59503,0.613755,0.549469,0.525964,0.46451,0.558504,0.457357,0.316193,0.217537,0.503799,0.465842,0.378396,0.337439,0.408322,0.399188,0.588191,0.510412,0.302968,0.324711,0.437205,0.432834,0.382442,0.371972,0.385656,0.344997,0.29884,0.352977,0.242546,0.237456,0.245223,0.23228,0.193859,0.210346,0.290134,0.276491,0.251918,0.275954,0.286788,0.322536,0.315277,0.310792,0.35507,0.352681,0.423503,0.362345,0.462682,0.441157,0.548796,0.460806,0.525279,0.448747,0.431059,0.407002,0.403733,0.382947,0.254084,0.253884,0.308624,0.32273,0.314741,0.237982,0.26299,0.207507,0.210125,0.209722,0.391839,0.41295,0.477014,0.467319,0.502689,0.50432,0.513171,0.443638,0.390862,0.420969,0.543027,0.510172,0.33962,0.38603,0.348633,0.429049,0.212242,0.134954,0.191189,0.15583,0.214994,0.232586,0.272198,0.368734,0.237826,0.201716,0.195002,0.217023,0.161992,0.087698,0.155563,0.178852,0.200968,0.253812,0.277712,0.181874,0.122739,0.079358
"12",0.600714,0.519911,0.561878,0.603194,0.458969,0.46941,0.606115,0.705895,0.439674,0.503278,0.612404,1,0.609594,0.805373,0.537128,0.648033,0.496344,0.541769,0.528063,0.500202,0.277629,0.19445,0.516387,0.479847,0.308296,0.274974,0.391689,0.394694,0.510601,0.615606,0.343919,0.370683,0.451064,0.474165,0.289627,0.293316,0.431056,0.447791,0.317546,0.386412,0.262966,0.271322,0.261786,0.251364,0.22138,0.229592,0.282808,0.31023,0.31124,0.333421,0.472494,0.436951,0.502201,0.401599,0.499679,0.469857,0.423347,0.421609,0.455821,0.503803,0.533551,0.52119,0.585871,0.615584,0.340008,0.446194,0.382227,0.396375,0.305994,0.297807,0.278889,0.324129,0.206388,0.230519,0.154488,0.217017,0.200778,0.231699,0.388133,0.386113,0.482393,0.505665,0.479082,0.53448,0.535536,0.540481,0.374666,0.439978,0.559878,0.588684,0.369145,0.369846,0.304804,0.335363,0.159295,0.179347,0.172024,0.218366,0.249787,0.268373,0.327982,0.337859,0.272931,0.234537,0.213368,0.217148,0.210879,0.123251,0.113656,0.187513,0.213368,0.21566,0.23087,0.204664,0.159608,0.091911
"13",0.566279,0.387324,0.642017,0.57875,0.561053,0.535904,0.734594,0.626829,0.634055,0.594924,0.781366,0.609594,1,0.708979,0.780371,0.689961,0.443966,0.412049,0.513657,0.397489,0.316231,0.235657,0.599816,0.578003,0.489268,0.429278,0.491319,0.497231,0.525498,0.451488,0.277682,0.301578,0.416654,0.37278,0.451052,0.414976,0.352141,0.323155,0.305157,0.339899,0.191403,0.21081,0.283678,0.272152,0.231116,0.260931,0.305562,0.295473,0.286272,0.327435,0.325599,0.374405,0.351929,0.36297,0.385347,0.379911,0.387179,0.360494,0.505995,0.478813,0.604054,0.531519,0.530784,0.456538,0.565716,0.537443,0.465101,0.440983,0.218178,0.235976,0.324087,0.354498,0.263675,0.191451,0.234278,0.187449,0.171073,0.165228,0.371288,0.386084,0.495767,0.510532,0.551098,0.539531,0.624975,0.537043,0.429429,0.484983,0.618874,0.590318,0.353255,0.400421,0.394184,0.482091,0.201401,0.137838,0.172631,0.131476,0.173316,0.213184,0.296391,0.416087,0.222057,0.21807,0.192625,0.237719,0.161389,0.090934,0.126436,0.172789,0.17511,0.202382,0.241252,0.149746,0.096258,0.078647
"14",0.552739,0.448676,0.608984,0.654116,0.483434,0.497513,0.645855,0.737251,0.505168,0.57204,0.59503,0.805373,0.708979,1,0.623989,0.738644,0.464487,0.472628,0.467494,0.420218,0.294033,0.207707,0.588781,0.585236,0.411289,0.38551,0.453322,0.462346,0.4583,0.555539,0.358684,0.377863,0.447591,0.423582,0.365929,0.348404,0.401498,0.410751,0.317843,0.381921,0.220203,0.249073,0.291594,0.281523,0.261421,0.270423,0.311312,0.336839,0.32755,0.352251,0.490484,0.456821,0.510412,0.425134,0.528825,0.491317,0.402817,0.398626,0.456638,0.503452,0.557719,0.563412,0.56686,0.580801,0.475388,0.563361,0.42808,0.442507,0.266435,0.273538,0.322169,0.35106,0.196403,0.218653,0.171105,0.229896,0.167185,0.194155,0.387868,0.38867,0.501023,0.540969,0.487148,0.53701,0.602921,0.588005,0.381408,0.458973,0.604531,0.605276,0.392789,0.389295,0.355322,0.386947,0.177533,0.201335,0.184356,0.214041,0.248111,0.26449,0.353596,0.373087,0.265414,0.254235,0.242651,0.264256,0.211253,0.120152,0.097334,0.182462,0.196001,0.185218,0.210392,0.167579,0.162054,0.092618
"15",0.531977,0.414805,0.647695,0.569962,0.635108,0.551669,0.638438,0.535832,0.650281,0.582659,0.613755,0.537128,0.780371,0.623989,1,0.777973,0.482999,0.468772,0.51104,0.416436,0.442116,0.332058,0.669748,0.631469,0.596377,0.522306,0.632989,0.622598,0.556635,0.47148,0.342253,0.343054,0.440818,0.390834,0.477881,0.434861,0.410098,0.357128,0.431669,0.43877,0.26084,0.263685,0.342539,0.3264,0.295335,0.318422,0.361941,0.364908,0.336413,0.355792,0.332901,0.363662,0.352426,0.349392,0.448958,0.447316,0.446208,0.425397,0.468949,0.45746,0.524733,0.460261,0.547602,0.471505,0.553669,0.490687,0.509859,0.479443,0.295018,0.316531,0.30779,0.338235,0.281696,0.218587,0.24969,0.217886,0.173235,0.180556,0.394153,0.406854,0.515171,0.536052,0.706987,0.617729,0.615897,0.553036,0.529818,0.547824,0.617261,0.604954,0.377866,0.420854,0.423054,0.512058,0.257013,0.230191,0.257939,0.220756,0.219801,0.274668,0.310305,0.409983,0.239444,0.226846,0.242605,0.295392,0.19018,0.127453,0.181685,0.249847,0.254929,0.261287,0.27362,0.238195,0.170973,0.100242
"16",0.512814,0.42323,0.633541,0.611193,0.544008,0.53905,0.627733,0.607991,0.533298,0.618424,0.549469,0.648033,0.689961,0.738644,0.777973,1,0.47386,0.463203,0.485622,0.430823,0.439699,0.376297,0.662509,0.65735,0.503288,0.481215,0.557774,0.583487,0.548171,0.591725,0.391276,0.409758,0.425881,0.395031,0.388139,0.358793,0.422688,0.420613,0.45726,0.507684,0.27411,0.322433,0.329811,0.321956,0.291462,0.318916,0.330242,0.353005,0.330259,0.337832,0.364279,0.351583,0.396054,0.355504,0.483979,0.459033,0.430172,0.41451,0.431574,0.448601,0.500837,0.474362,0.561998,0.531324,0.465029,0.487724,0.45422,0.452082,0.280245,0.29728,0.319297,0.352364,0.218128,0.207261,0.207335,0.22479,0.149158,0.167699,0.398962,0.391085,0.533617,0.560157,0.673136,0.705286,0.604224,0.602831,0.514108,0.5707,0.580865,0.595238,0.365529,0.382356,0.399271,0.453756,0.237854,0.247665,0.210484,0.224831,0.200345,0.255911,0.33375,0.383951,0.249773,0.233865,0.264381,0.306632,0.206271,0.12616,0.169264,0.235082,0.213596,0.225918,0.231509,0.21224,0.173195,0.125739
"17",0.628221,0.621902,0.531237,0.481833,0.407882,0.340729,0.480262,0.481041,0.379538,0.350985,0.525964,0.496344,0.443966,0.464487,0.482999,0.47386,1,0.838503,0.564097,0.57492,0.361097,0.25124,0.480475,0.407899,0.346073,0.321795,0.354238,0.33033,0.69003,0.687867,0.43496,0.434179,0.634098,0.599973,0.38825,0.392328,0.405031,0.372144,0.357767,0.405239,0.304004,0.293135,0.485147,0.459452,0.460525,0.441576,0.466764,0.502946,0.441962,0.390146,0.365033,0.295755,0.312321,0.258899,0.448723,0.469196,0.734739,0.658571,0.409542,0.407189,0.407264,0.32359,0.675643,0.563743,0.326348,0.282598,0.497079,0.471518,0.523858,0.506836,0.36212,0.382236,0.377031,0.379769,0.305165,0.330007,0.345309,0.360961,0.823564,0.786656,0.761337,0.697117,0.517176,0.592469,0.456028,0.403114,0.353641,0.381057,0.419997,0.408129,0.321706,0.353629,0.279575,0.350228,0.283574,0.268835,0.401891,0.398003,0.38639,0.397216,0.317743,0.354373,0.34826,0.300166,0.31434,0.361251,0.265122,0.178066,0.210542,0.305901,0.394533,0.376778,0.283306,0.3778,0.324116,0.152131
"18",0.584634,0.661832,0.495219,0.466248,0.418996,0.345494,0.435381,0.464562,0.378057,0.352668,0.46451,0.541769,0.412049,0.472628,0.468772,0.463203,0.838503,1,0.541563,0.579076,0.337409,0.243078,0.461923,0.394223,0.334071,0.312169,0.345452,0.326122,0.602341,0.709093,0.403408,0.405833,0.582192,0.574916,0.359583,0.367203,0.37723,0.374781,0.3005,0.401303,0.256874,0.283065,0.468274,0.444701,0.440293,0.427542,0.457402,0.499528,0.431795,0.385724,0.370947,0.292257,0.3382,0.254426,0.433768,0.470768,0.692693,0.708361,0.372694,0.39684,0.36513,0.318403,0.638367,0.616786,0.309151,0.270696,0.464384,0.444202,0.513674,0.506713,0.294156,0.325728,0.306799,0.343932,0.255252,0.294312,0.280815,0.314951,0.680917,0.796125,0.65013,0.679022,0.466765,0.576068,0.432194,0.396568,0.337246,0.395924,0.407338,0.422184,0.299482,0.327414,0.246711,0.318231,0.229995,0.219389,0.373067,0.359075,0.36111,0.367899,0.295447,0.319054,0.327261,0.256166,0.258359,0.296409,0.25934,0.154081,0.144342,0.261531,0.378022,0.346114,0.240516,0.348255,0.2897,0.117117
"19",0.749555,0.673266,0.678756,0.635661,0.458352,0.4137,0.616651,0.593288,0.422751,0.389334,0.558504,0.528063,0.513657,0.467494,0.51104,0.485622,0.564097,0.541563,1,0.85858,0.391445,0.324112,0.592649,0.475487,0.336938,0.306895,0.39091,0.371211,0.54292,0.553912,0.524668,0.526171,0.710971,0.725484,0.403365,0.416771,0.495653,0.488447,0.409002,0.468385,0.355056,0.393261,0.374361,0.352992,0.382534,0.350877,0.337561,0.402183,0.360562,0.325143,0.329216,0.252124,0.269926,0.215945,0.361587,0.38455,0.622777,0.560897,0.41388,0.416154,0.43225,0.371984,0.574181,0.494864,0.364624,0.340973,0.501863,0.466932,0.599278,0.564896,0.425337,0.438853,0.411367,0.414312,0.363195,0.405027,0.411652,0.437596,0.423606,0.440321,0.476632,0.467311,0.486594,0.491155,0.452628,0.381033,0.373292,0.37268,0.470252,0.444187,0.38386,0.44948,0.387922,0.457524,0.276243,0.253688,0.379561,0.366993,0.38152,0.388532,0.40178,0.422097,0.402029,0.334154,0.283037,0.319549,0.335766,0.226284,0.212343,0.337033,0.444533,0.422813,0.357907,0.368505,0.308533,0.073366
"20",0.696773,0.775728,0.547348,0.606159,0.38417,0.374779,0.489738,0.550586,0.33397,0.340012,0.457357,0.500202,0.397489,0.420218,0.416436,0.430823,0.57492,0.579076,0.85858,1,0.388542,0.345767,0.491613,0.411083,0.279647,0.287137,0.336245,0.331833,0.54031,0.587491,0.4853,0.502848,0.748277,0.797376,0.375101,0.419451,0.496641,0.501753,0.418005,0.494471,0.380772,0.426982,0.401293,0.384821,0.420529,0.397527,0.364979,0.433728,0.386275,0.344235,0.30943,0.244244,0.241835,0.17477,0.364318,0.390791,0.639814,0.654547,0.38402,0.407882,0.338532,0.299797,0.534839,0.500406,0.267814,0.256287,0.517035,0.494448,0.773421,0.746653,0.361776,0.388309,0.429535,0.457912,0.351158,0.415449,0.465544,0.508824,0.426671,0.450964,0.446176,0.429706,0.444316,0.484216,0.357032,0.32129,0.336197,0.328459,0.394162,0.37772,0.36215,0.385913,0.373744,0.416444,0.350357,0.328867,0.468986,0.436833,0.41085,0.382581,0.405395,0.393956,0.429778,0.33381,0.304034,0.334684,0.390053,0.271291,0.262311,0.385949,0.525618,0.469481,0.383402,0.437565,0.367465,0.058369
"21",0.323268,0.320205,0.441207,0.401015,0.396218,0.352894,0.39213,0.333236,0.334506,0.314519,0.316193,0.277629,0.316231,0.294033,0.442116,0.439699,0.361097,0.337409,0.391445,0.388542,1,0.771323,0.454608,0.420074,0.402788,0.400546,0.47739,0.462207,0.473862,0.447024,0.465034,0.478244,0.399514,0.379085,0.286852,0.287608,0.484958,0.456326,0.55878,0.578525,0.496667,0.485997,0.259912,0.238796,0.250472,0.262972,0.267036,0.282018,0.227157,0.245737,0.181301,0.207146,0.167217,0.170323,0.374301,0.367211,0.325484,0.314653,0.248368,0.251107,0.228829,0.185651,0.294124,0.287572,0.263655,0.225561,0.35535,0.32118,0.339735,0.324776,0.344175,0.340719,0.350824,0.306767,0.283833,0.233796,0.203654,0.200086,0.27007,0.258599,0.318529,0.299574,0.479534,0.479914,0.296413,0.305406,0.355945,0.365,0.35643,0.384364,0.319367,0.311519,0.344138,0.356598,0.270799,0.327675,0.314611,0.316059,0.26538,0.292035,0.235571,0.284919,0.234403,0.199019,0.235971,0.257727,0.246992,0.187755,0.229601,0.190758,0.305511,0.291878,0.234722,0.292226,0.249276,0.143839
"22",0.228194,0.245157,0.352763,0.315025,0.265946,0.286895,0.308977,0.254262,0.255888,0.233783,0.217537,0.19445,0.235657,0.207707,0.332058,0.376297,0.25124,0.243078,0.324112,0.345767,0.771323,1,0.37647,0.347888,0.325287,0.362955,0.327906,0.410903,0.378544,0.391507,0.412933,0.482074,0.318704,0.325574,0.208876,0.212929,0.427416,0.422405,0.517249,0.573566,0.452438,0.551478,0.187977,0.171582,0.193045,0.217047,0.166173,0.188177,0.15003,0.18709,0.110635,0.151693,0.117273,0.112291,0.28803,0.280808,0.228741,0.232814,0.16572,0.190699,0.151449,0.137261,0.202871,0.20732,0.17101,0.172163,0.262568,0.251631,0.285356,0.267508,0.27652,0.347755,0.292687,0.292365,0.247778,0.220458,0.153477,0.165131,0.184603,0.182562,0.222501,0.210043,0.427682,0.450734,0.215463,0.226151,0.325364,0.325533,0.256931,0.300051,0.282437,0.249611,0.316526,0.303127,0.222305,0.298217,0.265714,0.302442,0.229182,0.241014,0.227173,0.2413,0.22901,0.198753,0.22832,0.235271,0.288958,0.212471,0.175512,0.145046,0.2643,0.248411,0.178393,0.249268,0.218581,0.121406
"23",0.522397,0.42307,0.825766,0.719914,0.549229,0.481558,0.690481,0.592681,0.552217,0.469852,0.503799,0.516387,0.599816,0.588781,0.669748,0.662509,0.480475,0.461923,0.592649,0.491613,0.454608,0.37647,1,0.882227,0.695752,0.607956,0.594206,0.591547,0.437571,0.462102,0.615892,0.626738,0.550417,0.527922,0.559611,0.50234,0.42623,0.410436,0.438851,0.468648,0.296359,0.305641,0.387347,0.361815,0.365802,0.367858,0.348739,0.39046,0.313602,0.34032,0.320941,0.305287,0.369196,0.31343,0.437388,0.417091,0.4562,0.425579,0.3475,0.387796,0.434429,0.406871,0.52234,0.436647,0.584624,0.5227,0.548302,0.530421,0.308239,0.324153,0.409134,0.453388,0.280065,0.278799,0.268907,0.296231,0.233477,0.25365,0.403258,0.395286,0.505998,0.528611,0.540744,0.529939,0.6371,0.576454,0.429329,0.453511,0.538869,0.526529,0.452905,0.474931,0.48056,0.520406,0.201765,0.237745,0.265041,0.286305,0.293715,0.319313,0.355762,0.427926,0.297081,0.307035,0.319296,0.358798,0.211407,0.143908,0.157582,0.209824,0.301482,0.302996,0.27547,0.271241,0.207926,0.089085
"24",0.452886,0.359626,0.729434,0.759388,0.538595,0.515757,0.652284,0.614072,0.556928,0.521061,0.465842,0.479847,0.578003,0.585236,0.631469,0.65735,0.407899,0.394223,0.475487,0.411083,0.420074,0.347888,0.882227,1,0.705631,0.714379,0.571631,0.623888,0.421523,0.400993,0.549307,0.576548,0.509935,0.487061,0.593307,0.555998,0.362021,0.364096,0.390725,0.431668,0.249805,0.257204,0.356772,0.341441,0.340779,0.349788,0.346144,0.376893,0.309882,0.331644,0.304932,0.323886,0.323749,0.333379,0.39558,0.393676,0.396758,0.374268,0.36096,0.379315,0.42911,0.430999,0.473273,0.420875,0.609171,0.577985,0.578353,0.573557,0.261609,0.288801,0.355021,0.408608,0.259609,0.216614,0.229417,0.242068,0.214009,0.226998,0.336423,0.344383,0.450795,0.498574,0.505868,0.514423,0.587767,0.601592,0.394721,0.451311,0.499236,0.524054,0.445128,0.428761,0.523172,0.494635,0.186473,0.180785,0.241834,0.210643,0.234625,0.267932,0.344491,0.402051,0.254542,0.246371,0.272128,0.30971,0.170519,0.103789,0.129117,0.175729,0.236284,0.239519,0.250964,0.191718,0.147245,0.057874
"25",0.35805,0.285416,0.592766,0.525434,0.538825,0.511445,0.510883,0.417802,0.524118,0.434656,0.378396,0.308296,0.489268,0.411289,0.596377,0.503288,0.346073,0.334071,0.336938,0.279647,0.402788,0.325287,0.695752,0.705631,1,0.795888,0.658544,0.647894,0.343921,0.261658,0.461507,0.436259,0.433148,0.380024,0.574781,0.524187,0.264204,0.227344,0.325263,0.321587,0.179968,0.1425,0.419591,0.388564,0.385226,0.398951,0.413752,0.403712,0.348265,0.385053,0.302361,0.34451,0.295532,0.336858,0.383048,0.389128,0.352084,0.344929,0.346754,0.349033,0.347709,0.316938,0.378639,0.320288,0.541137,0.447087,0.557088,0.519861,0.225668,0.255224,0.317784,0.329549,0.274719,0.219611,0.236475,0.222004,0.198838,0.190115,0.27729,0.29709,0.377468,0.388829,0.440121,0.383183,0.459498,0.476341,0.342287,0.353947,0.421556,0.462234,0.401805,0.378735,0.4573,0.469673,0.213538,0.165977,0.298583,0.229682,0.281287,0.287301,0.294728,0.397025,0.250713,0.268779,0.280791,0.324696,0.208592,0.139615,0.13752,0.184851,0.249635,0.250854,0.249961,0.246232,0.184985,0.052581
"26",0.318925,0.283357,0.513071,0.54087,0.422767,0.465963,0.456295,0.434258,0.441687,0.398793,0.337439,0.274974,0.429278,0.38551,0.522306,0.481215,0.321795,0.312169,0.306895,0.287137,0.400546,0.362955,0.607956,0.714379,0.795888,1,0.546246,0.658995,0.375354,0.297762,0.548198,0.510051,0.460417,0.422702,0.579773,0.540781,0.268674,0.234337,0.323676,0.341446,0.191431,0.184592,0.376647,0.356337,0.386047,0.373647,0.387194,0.384874,0.337902,0.322029,0.296049,0.287139,0.195557,0.263851,0.334908,0.354488,0.323987,0.320764,0.306125,0.296351,0.307309,0.295857,0.360108,0.319019,0.522384,0.441064,0.553892,0.536573,0.256738,0.276129,0.286901,0.303938,0.275575,0.210655,0.233224,0.208605,0.198343,0.190841,0.253163,0.287041,0.32228,0.349032,0.399821,0.37027,0.380594,0.4359,0.288075,0.314623,0.347052,0.380879,0.347809,0.296652,0.432424,0.391306,0.203777,0.14191,0.308436,0.210149,0.263305,0.219873,0.300605,0.336339,0.249608,0.21963,0.258963,0.287536,0.21319,0.155629,0.119708,0.156244,0.212583,0.18359,0.218233,0.170706,0.199949,0.030895
"27",0.418684,0.323109,0.573799,0.541916,0.650745,0.545836,0.515733,0.451194,0.517793,0.505077,0.408322,0.391689,0.491319,0.453322,0.632989,0.557774,0.354238,0.345452,0.39091,0.336245,0.47739,0.327906,0.594206,0.571631,0.658544,0.546246,1,0.77201,0.3317,0.312132,0.338277,0.325815,0.39021,0.326248,0.443894,0.411484,0.356218,0.342178,0.351514,0.398076,0.181792,0.203884,0.297764,0.282964,0.278013,0.281799,0.304223,0.3183,0.284331,0.322981,0.320522,0.34855,0.318734,0.338303,0.409698,0.423603,0.371594,0.356609,0.370692,0.386058,0.41167,0.390958,0.417327,0.380306,0.505141,0.452416,0.469285,0.441854,0.271919,0.287806,0.255004,0.267872,0.215836,0.185985,0.172922,0.183459,0.135028,0.133015,0.276252,0.252252,0.387316,0.395951,0.491068,0.455918,0.507507,0.491867,0.426438,0.456171,0.549814,0.580642,0.391413,0.411361,0.416045,0.473762,0.194293,0.173871,0.235302,0.22971,0.215224,0.290874,0.261713,0.357341,0.222467,0.194432,0.197936,0.245438,0.181423,0.141126,0.146002,0.204862,0.264664,0.260452,0.270989,0.238494,0.149123,0.050148
"28",0.399357,0.328461,0.554625,0.562856,0.562268,0.615439,0.514727,0.476175,0.515644,0.527842,0.399188,0.394694,0.497231,0.462346,0.622598,0.583487,0.33033,0.326122,0.371211,0.331833,0.462207,0.410903,0.591547,0.623888,0.647894,0.658995,0.77201,1,0.341011,0.32979,0.37804,0.372452,0.384648,0.338857,0.464602,0.427679,0.354238,0.335758,0.389708,0.420038,0.220628,0.234095,0.282724,0.26075,0.273135,0.274472,0.277903,0.29859,0.275406,0.297439,0.310248,0.319787,0.282712,0.317498,0.388167,0.412469,0.354314,0.350524,0.362156,0.372899,0.408011,0.389269,0.399397,0.366888,0.505274,0.477118,0.466939,0.45437,0.261628,0.274074,0.258182,0.29335,0.218336,0.185673,0.206006,0.1977,0.127862,0.130909,0.260734,0.257021,0.357708,0.366586,0.495046,0.451445,0.477822,0.482003,0.441037,0.449461,0.509945,0.55815,0.38387,0.379611,0.446155,0.473436,0.183178,0.159953,0.235932,0.219157,0.210566,0.27135,0.305646,0.376131,0.246852,0.214768,0.246094,0.296066,0.203655,0.173694,0.147203,0.177437,0.248486,0.23583,0.247803,0.20515,0.191272,0.080497
"29",0.507568,0.476344,0.475552,0.485324,0.403285,0.362727,0.524331,0.509412,0.400055,0.373519,0.588191,0.510601,0.525498,0.4583,0.556635,0.548171,0.69003,0.602341,0.54292,0.54031,0.473862,0.378544,0.437571,0.421523,0.343921,0.375354,0.3317,0.341011,1,0.786602,0.528958,0.532257,0.551429,0.569159,0.318787,0.344049,0.47447,0.453596,0.457481,0.503239,0.445244,0.434419,0.326607,0.319561,0.30583,0.313927,0.386811,0.377823,0.317205,0.297307,0.231995,0.251932,0.206578,0.209451,0.404707,0.416064,0.500429,0.450161,0.373281,0.333658,0.358723,0.269798,0.51512,0.483551,0.245687,0.207756,0.422987,0.390772,0.42551,0.409047,0.405357,0.412775,0.470253,0.372112,0.358445,0.310615,0.329187,0.338422,0.542903,0.522904,0.550144,0.497368,0.659728,0.678735,0.330643,0.353443,0.359568,0.389816,0.382887,0.393439,0.309401,0.318421,0.305366,0.340657,0.379108,0.319464,0.396533,0.342232,0.336877,0.326599,0.288198,0.313357,0.295947,0.231133,0.263412,0.30328,0.234083,0.187618,0.311368,0.343848,0.343239,0.358675,0.321231,0.323295,0.277959,0.165145
"30",0.519149,0.544091,0.489673,0.519751,0.354653,0.327543,0.483644,0.555848,0.330329,0.363893,0.510412,0.615606,0.451488,0.555539,0.47148,0.591725,0.687867,0.709093,0.553912,0.587491,0.447024,0.391507,0.462102,0.400993,0.261658,0.297762,0.312132,0.32979,0.786602,1,0.551264,0.564013,0.549717,0.592487,0.239581,0.266976,0.496444,0.523283,0.452762,0.55116,0.414714,0.472863,0.315499,0.307992,0.318828,0.308094,0.342888,0.370259,0.315846,0.286337,0.311431,0.247505,0.294486,0.184904,0.461645,0.452139,0.500005,0.505688,0.32595,0.352455,0.346101,0.309739,0.556473,0.566833,0.227172,0.22515,0.356822,0.354896,0.448896,0.431993,0.375828,0.414722,0.382963,0.431074,0.304082,0.328072,0.295291,0.338803,0.55708,0.590148,0.550914,0.545534,0.576239,0.715772,0.387832,0.378582,0.358997,0.430904,0.422385,0.431866,0.305362,0.321617,0.259861,0.308351,0.308337,0.320319,0.362993,0.369837,0.36017,0.345407,0.310815,0.301596,0.326811,0.25315,0.272037,0.313479,0.284938,0.206559,0.23714,0.294566,0.343088,0.335776,0.293174,0.331126,0.309679,0.173221
"31",0.377685,0.367566,0.536168,0.549429,0.267852,0.24318,0.452592,0.475539,0.262365,0.214865,0.302968,0.343919,0.277682,0.358684,0.342253,0.391276,0.43496,0.403408,0.524668,0.4853,0.465034,0.412933,0.615892,0.549307,0.461507,0.548198,0.338277,0.37804,0.528958,0.551264,1,0.895002,0.601113,0.656221,0.401709,0.382223,0.399215,0.391821,0.406439,0.414669,0.397573,0.386263,0.257961,0.235894,0.330443,0.258391,0.264925,0.305914,0.224718,0.162537,0.219193,0.088994,0.119,0.05211,0.293747,0.282976,0.351147,0.317906,0.151482,0.19502,0.210375,0.208966,0.3758,0.353028,0.283643,0.258108,0.380058,0.368951,0.343164,0.322452,0.460769,0.440812,0.388552,0.399693,0.342791,0.391812,0.331387,0.355433,0.346729,0.35126,0.343207,0.341431,0.387274,0.395607,0.292563,0.288179,0.178178,0.187127,0.269232,0.247212,0.299299,0.299166,0.278685,0.295057,0.26288,0.261875,0.382253,0.339968,0.374581,0.271524,0.321802,0.291735,0.324272,0.277796,0.315758,0.336742,0.243119,0.241377,0.228495,0.276772,0.354376,0.294741,0.25721,0.262038,0.341837,0.130859
"32",0.368011,0.345848,0.531612,0.548059,0.277746,0.270381,0.466835,0.474202,0.275023,0.24105,0.324711,0.370683,0.301578,0.377863,0.343054,0.409758,0.434179,0.405833,0.526171,0.502848,0.478244,0.482074,0.626738,0.576548,0.436259,0.510051,0.325815,0.372452,0.532257,0.564013,0.895002,1,0.570045,0.650543,0.37973,0.373936,0.412736,0.427647,0.420345,0.445196,0.419093,0.419893,0.257012,0.229162,0.295802,0.267394,0.224103,0.259445,0.186077,0.177663,0.177444,0.1119,0.146498,0.077237,0.298217,0.272042,0.328539,0.296001,0.154198,0.204435,0.217026,0.218647,0.358485,0.348838,0.264487,0.273358,0.356947,0.367734,0.330819,0.310678,0.428941,0.473139,0.358783,0.372334,0.316137,0.361236,0.313093,0.348922,0.33763,0.347346,0.337681,0.343542,0.398606,0.432261,0.292976,0.304653,0.203477,0.228434,0.278952,0.264884,0.323452,0.289713,0.28,0.27668,0.236442,0.271578,0.337496,0.360953,0.344584,0.278311,0.276807,0.277003,0.276715,0.267468,0.292821,0.312674,0.239113,0.207044,0.190895,0.23368,0.336237,0.279308,0.197092,0.249522,0.281948,0.105036
"33",0.66101,0.651968,0.621832,0.648875,0.475839,0.459014,0.603199,0.637128,0.45602,0.419048,0.437205,0.451064,0.416654,0.447591,0.440818,0.425881,0.634098,0.582192,0.710971,0.748277,0.399514,0.318704,0.550417,0.509935,0.433148,0.460417,0.39021,0.384648,0.551429,0.549717,0.601113,0.570045,1,0.919815,0.664848,0.67522,0.464593,0.430019,0.414479,0.457553,0.315952,0.339654,0.539544,0.515537,0.579584,0.549791,0.504137,0.560927,0.523271,0.484051,0.454113,0.385202,0.302822,0.25938,0.447377,0.468513,0.658978,0.629974,0.53778,0.537102,0.506316,0.477251,0.600753,0.589751,0.491731,0.490644,0.749213,0.730982,0.69955,0.697866,0.446235,0.46206,0.478292,0.479391,0.383285,0.454721,0.531903,0.551662,0.503149,0.516456,0.481775,0.464651,0.409802,0.454608,0.387959,0.351109,0.282601,0.266133,0.454611,0.417009,0.418468,0.422786,0.405811,0.451531,0.365533,0.326424,0.515441,0.461306,0.441561,0.412753,0.454051,0.469588,0.450892,0.39439,0.381066,0.412486,0.392699,0.297335,0.268261,0.377026,0.530743,0.454424,0.393789,0.443133,0.420393,0.102914
"34",0.632169,0.659138,0.571954,0.64023,0.410869,0.412595,0.554642,0.631148,0.397823,0.376652,0.432834,0.474165,0.37278,0.423582,0.390834,0.395031,0.599973,0.574916,0.725484,0.797376,0.379085,0.325574,0.527922,0.487061,0.380024,0.422702,0.326248,0.338857,0.569159,0.592487,0.656221,0.650543,0.919815,1,0.571638,0.610284,0.454614,0.43783,0.410072,0.446258,0.356225,0.375749,0.445694,0.431477,0.480141,0.458001,0.431381,0.491106,0.433497,0.405658,0.390733,0.330494,0.276317,0.206156,0.398032,0.418308,0.592328,0.591161,0.452624,0.487225,0.435031,0.431788,0.564573,0.579046,0.385655,0.414518,0.628279,0.637889,0.652747,0.655902,0.437962,0.458498,0.491155,0.498523,0.394036,0.457512,0.545501,0.5755,0.464759,0.490697,0.431285,0.419472,0.400864,0.447716,0.327145,0.30137,0.258135,0.228872,0.407174,0.37467,0.392745,0.386731,0.377244,0.405852,0.36257,0.315771,0.494969,0.434362,0.440878,0.378606,0.441055,0.433998,0.456514,0.377906,0.371461,0.402141,0.377107,0.288106,0.280735,0.379863,0.514651,0.443104,0.394488,0.425067,0.414733,0.109357
"35",0.432037,0.381523,0.527774,0.527158,0.470467,0.449912,0.501574,0.457749,0.452987,0.38609,0.382442,0.289627,0.451052,0.365929,0.477881,0.388139,0.38825,0.359583,0.403365,0.375101,0.286852,0.208876,0.559611,0.593307,0.574781,0.579773,0.443894,0.464602,0.318787,0.239581,0.401709,0.37973,0.664848,0.571638,1,0.884884,0.313922,0.246138,0.268301,0.27635,0.129221,0.143421,0.470307,0.444407,0.50326,0.482551,0.441,0.450782,0.418227,0.408153,0.335494,0.327961,0.264472,0.307835,0.307922,0.328676,0.453576,0.425781,0.492636,0.45304,0.496536,0.475408,0.414151,0.380033,0.683326,0.614462,0.787893,0.769877,0.354794,0.389238,0.333147,0.342969,0.320652,0.259123,0.303445,0.295217,0.365359,0.346588,0.330472,0.360399,0.349099,0.366446,0.301898,0.292591,0.417279,0.389834,0.254336,0.265051,0.411463,0.403875,0.379817,0.367109,0.415701,0.456744,0.238331,0.155739,0.307906,0.194765,0.24009,0.23035,0.335923,0.401366,0.286967,0.272454,0.267682,0.310933,0.248532,0.177261,0.148095,0.216083,0.319905,0.259413,0.239842,0.214816,0.211647,0.014629
"36",0.433077,0.404277,0.507538,0.543438,0.485753,0.484518,0.490797,0.484215,0.453612,0.403999,0.371972,0.293316,0.414976,0.348404,0.434861,0.358793,0.392328,0.367203,0.416771,0.419451,0.287608,0.212929,0.50234,0.555998,0.524187,0.540781,0.411484,0.427679,0.344049,0.266976,0.382223,0.373936,0.67522,0.610284,0.884884,1,0.3536,0.326674,0.297349,0.337514,0.165669,0.18568,0.497053,0.484457,0.518805,0.52511,0.482638,0.501534,0.440585,0.446992,0.338195,0.364358,0.25177,0.300189,0.337879,0.374628,0.460183,0.430299,0.499435,0.472158,0.451018,0.458272,0.380808,0.381494,0.584748,0.581176,0.78799,0.804516,0.412862,0.454067,0.345092,0.368459,0.357041,0.299675,0.328063,0.334421,0.444415,0.434866,0.311325,0.35396,0.330511,0.355296,0.293991,0.299726,0.361504,0.371997,0.231247,0.246974,0.413497,0.413219,0.44491,0.41649,0.480008,0.487119,0.289893,0.208938,0.383539,0.266672,0.304347,0.308648,0.38222,0.443851,0.339122,0.321676,0.314674,0.343313,0.305453,0.210684,0.197885,0.258271,0.416622,0.364407,0.338702,0.313347,0.27068,0.042838
"37",0.438715,0.428426,0.440797,0.453183,0.325812,0.313264,0.379124,0.404652,0.264208,0.279672,0.385656,0.431056,0.352141,0.401498,0.410098,0.422688,0.405031,0.37723,0.495653,0.496641,0.484958,0.427416,0.42623,0.362021,0.264204,0.268674,0.356218,0.354238,0.47447,0.496444,0.399215,0.412736,0.464593,0.454614,0.313922,0.3536,1,0.806202,0.706851,0.704917,0.623551,0.574142,0.289662,0.271784,0.269129,0.258179,0.326796,0.349709,0.250727,0.24236,0.298328,0.267578,0.278226,0.243182,0.516793,0.468823,0.378014,0.33638,0.239308,0.255156,0.242244,0.195675,0.369395,0.289512,0.275956,0.233586,0.367788,0.355006,0.412199,0.388068,0.402376,0.422168,0.387284,0.383459,0.356849,0.385907,0.471359,0.469916,0.272282,0.267447,0.3557,0.331634,0.487159,0.478882,0.400741,0.373858,0.415131,0.409512,0.478908,0.442089,0.509644,0.492118,0.44565,0.46185,0.425695,0.44052,0.465287,0.468434,0.459261,0.430528,0.396268,0.403249,0.409424,0.402139,0.42956,0.417959,0.385025,0.364353,0.357801,0.400454,0.500875,0.492398,0.447073,0.409079,0.428151,0.198474
"38",0.402792,0.419999,0.426602,0.460528,0.316682,0.310945,0.364114,0.410898,0.229612,0.285256,0.344997,0.447791,0.323155,0.410751,0.357128,0.420613,0.372144,0.374781,0.488447,0.501753,0.456326,0.422405,0.410436,0.364096,0.227344,0.234337,0.342178,0.335758,0.453596,0.523283,0.391821,0.427647,0.430019,0.43783,0.246138,0.326674,0.806202,1,0.599609,0.767011,0.551642,0.635846,0.229001,0.214842,0.216077,0.207613,0.253356,0.296886,0.1966,0.203877,0.263518,0.244423,0.251338,0.220514,0.473741,0.459048,0.3439,0.317205,0.196542,0.227147,0.20432,0.183527,0.337402,0.287619,0.239975,0.221705,0.323836,0.327346,0.419417,0.3972,0.387401,0.43289,0.363585,0.402548,0.326978,0.40025,0.439522,0.476688,0.252448,0.249798,0.334382,0.343131,0.445963,0.488143,0.376375,0.393987,0.385797,0.426751,0.445733,0.448351,0.489438,0.489833,0.442575,0.453782,0.410499,0.448675,0.422181,0.464413,0.417163,0.436595,0.382666,0.388709,0.396517,0.382448,0.396147,0.395114,0.389951,0.340022,0.313107,0.383596,0.482708,0.472013,0.426104,0.395001,0.394997,0.165111
