"","V1","V2","V3","V4","V5","V6","V7","V8","V9","V10","V11","V12","V13","V14","V15","V16","V17","V18","V19","V20","V21","V22","V23","V24","V25","V26","V27","V28","V29","V30","V31","V32","V33","V34","V35","V36","V37","V38","V39","V40","V41","V42","V43","V44","V45","V46","V47","V48","V49","V50","V51","V52","V53","V54","V55","V56","V57","V58","V59","V60","V61","V62","V63","V64","V65","V66","V67","V68","V69","V70","V71","V72","V73","V74","V75","V76","V77","V78","V79","V80","V81","V82","V83","V84","V85","V86","V87","V88","V89","V90","V91","V92","V93","V94","V95","V96","V97","V98","V99","V100","V101","V102","V103","V104","V105","V106","V107","V108","V109","V110","V111","V112","V113","V114","V115","V116"
"1",1,0.875693,0.640179,0.620273,0.537648,0.519712,0.690205,0.676957,0.527809,0.520827,0.776002,0.730149,0.757972,0.717784,0.648342,0.634849,0.746908,0.731713,0.795811,0.809248,0.437974,0.363453,0.53971,0.490761,0.421558,0.397275,0.463364,0.438215,0.678466,0.655556,0.452249,0.408462,0.720349,0.684654,0.526097,0.481108,0.562813,0.541464,0.476161,0.519556,0.494324,0.501597,0.694531,0.662234,0.651752,0.649354,0.632499,0.697619,0.665129,0.643192,0.65711,0.613126,0.571479,0.502489,0.671727,0.681449,0.873102,0.817626,0.721299,0.681957,0.736342,0.596682,0.732019,0.685586,0.512086,0.513607,0.658507,0.638325,0.788797,0.728764,0.485084,0.463052,0.493009,0.504823,0.430847,0.430771,0.488177,0.469378,0.675001,0.687168,0.761291,0.771008,0.658663,0.676078,0.729785,0.706627,0.534043,0.522509,0.702244,0.686351,0.465417,0.526524,0.346619,0.473633,0.480182,0.380956,0.613737,0.573434,0.583796,0.630896,0.463907,0.505477,0.458625,0.486726,0.367109,0.410583,0.339597,0.309208,0.301516,0.484094,0.527805,0.512767,0.438433,0.481611,0.413802,0.18836
"2",0.875693,1,0.585738,0.614653,0.51048,0.498704,0.611273,0.656663,0.472469,0.486394,0.686973,0.711227,0.676981,0.685143,0.613177,0.616338,0.764991,0.782433,0.756734,0.818902,0.418277,0.368557,0.511892,0.473247,0.423812,0.397516,0.443608,0.434235,0.670869,0.661997,0.440701,0.404269,0.715614,0.691734,0.504487,0.45711,0.539734,0.545866,0.463713,0.532268,0.466574,0.484203,0.710065,0.696452,0.681848,0.693362,0.665477,0.71951,0.697349,0.673425,0.676584,0.635818,0.597286,0.544086,0.674753,0.696619,0.882402,0.901012,0.688765,0.674003,0.6522,0.546651,0.703235,0.698831,0.453086,0.449879,0.634189,0.634408,0.805647,0.776263,0.442477,0.433032,0.468381,0.485894,0.40423,0.406702,0.4399,0.437768,0.678039,0.722325,0.775078,0.799749,0.632201,0.680373,0.684449,0.698657,0.524345,0.528674,0.625148,0.651254,0.456061,0.483181,0.308536,0.407825,0.467284,0.400853,0.613965,0.567959,0.593913,0.615321,0.429223,0.435937,0.441119,0.432825,0.345485,0.360012,0.343168,0.277429,0.297501,0.458859,0.508864,0.495661,0.400285,0.468672,0.374851,0.200169
"3",0.640179,0.585738,1,0.844262,0.725156,0.665421,0.882303,0.741961,0.703934,0.632967,0.549746,0.555348,0.643945,0.599143,0.647688,0.624784,0.461723,0.459769,0.703662,0.626335,0.502374,0.436778,0.867058,0.807084,0.670323,0.673805,0.589305,0.569615,0.495934,0.449218,0.634698,0.629193,0.649284,0.627258,0.585924,0.534788,0.494741,0.488059,0.464418,0.497656,0.391631,0.405423,0.577921,0.582534,0.510343,0.525559,0.554982,0.575312,0.556868,0.602964,0.540368,0.579126,0.553471,0.533991,0.569919,0.583675,0.513359,0.521264,0.579266,0.559321,0.562284,0.488273,0.475441,0.439345,0.578399,0.573234,0.648917,0.616523,0.470397,0.483277,0.553071,0.563913,0.442928,0.423424,0.386996,0.383248,0.437262,0.43833,0.443384,0.441341,0.477153,0.513442,0.530011,0.516164,0.608386,0.599646,0.474696,0.458882,0.604523,0.621803,0.607087,0.628763,0.567826,0.683548,0.371192,0.279851,0.457194,0.442478,0.475575,0.516961,0.507811,0.618687,0.466848,0.512347,0.464581,0.49627,0.312373,0.302109,0.224536,0.370564,0.464608,0.443559,0.447182,0.440531,0.399424,0.225343
"4",0.620273,0.614653,0.844262,1,0.667408,0.716342,0.815525,0.872932,0.647669,0.697648,0.544857,0.628798,0.595098,0.671812,0.593926,0.67896,0.472987,0.467601,0.682877,0.665859,0.445009,0.413617,0.791692,0.848471,0.583378,0.655566,0.543513,0.560035,0.510246,0.496887,0.630669,0.690351,0.653239,0.684888,0.56873,0.55915,0.474686,0.511156,0.430552,0.483003,0.385831,0.426543,0.541024,0.540449,0.496489,0.527108,0.529461,0.557162,0.558027,0.575211,0.538315,0.559386,0.544706,0.499198,0.558619,0.563436,0.512204,0.514968,0.546054,0.583337,0.536992,0.618381,0.491536,0.526344,0.525991,0.652327,0.614971,0.654997,0.479621,0.488794,0.540636,0.580821,0.456926,0.469352,0.404895,0.410296,0.429935,0.470051,0.445494,0.443501,0.478836,0.517637,0.508324,0.513581,0.565121,0.627245,0.432044,0.424881,0.564754,0.634548,0.662098,0.580137,0.605562,0.585964,0.359272,0.292383,0.435741,0.409954,0.494836,0.491924,0.547161,0.540076,0.475287,0.466979,0.461178,0.450094,0.312909,0.302212,0.215305,0.340608,0.439724,0.422491,0.40817,0.414304,0.389722,0.215749
"5",0.537648,0.51048,0.725156,0.667408,1,0.769444,0.720525,0.637168,0.800874,0.720201,0.488337,0.531548,0.576443,0.545363,0.612533,0.605938,0.401999,0.419554,0.517237,0.501873,0.470901,0.396657,0.644413,0.619377,0.562928,0.537004,0.610578,0.550356,0.433548,0.417774,0.431386,0.45608,0.529965,0.500697,0.455092,0.450422,0.407664,0.401935,0.404734,0.443307,0.318575,0.333968,0.483181,0.494391,0.435266,0.471535,0.514176,0.531986,0.531196,0.576955,0.509511,0.56258,0.532458,0.525487,0.512438,0.559754,0.444596,0.471082,0.581254,0.582538,0.548791,0.509067,0.45688,0.435909,0.451733,0.493883,0.548416,0.525333,0.416514,0.439346,0.386127,0.431775,0.344677,0.345634,0.300361,0.314341,0.308858,0.325351,0.376857,0.380123,0.434164,0.47149,0.479436,0.487439,0.53201,0.539198,0.462173,0.450648,0.595996,0.62879,0.540232,0.544767,0.517194,0.594668,0.293059,0.189614,0.387272,0.354985,0.404068,0.463481,0.471212,0.545033,0.441244,0.445596,0.376715,0.400882,0.259528,0.263289,0.163236,0.269284,0.406316,0.388903,0.399041,0.381786,0.299067,0.138788
"6",0.519712,0.498704,0.665421,0.716342,0.769444,1,0.665247,0.696188,0.681089,0.78752,0.462777,0.535594,0.514177,0.565542,0.553946,0.637603,0.401539,0.417815,0.496579,0.501839,0.454104,0.427939,0.618285,0.646548,0.506754,0.541245,0.526919,0.577517,0.414211,0.423189,0.400809,0.453345,0.5164,0.509752,0.447407,0.455972,0.372591,0.392848,0.424678,0.450342,0.314921,0.342351,0.483431,0.495673,0.440374,0.483472,0.518109,0.535829,0.529814,0.584898,0.491654,0.570553,0.543904,0.505718,0.512361,0.546537,0.448284,0.457797,0.557882,0.592552,0.508407,0.57602,0.448308,0.454897,0.413721,0.540029,0.523484,0.542387,0.403867,0.430627,0.356736,0.430278,0.322434,0.343208,0.294821,0.306613,0.299862,0.327978,0.374512,0.360105,0.433676,0.450809,0.48033,0.477218,0.499142,0.524844,0.483132,0.443614,0.552801,0.617245,0.562524,0.508217,0.55052,0.550446,0.287843,0.186581,0.370743,0.340194,0.412216,0.451186,0.487513,0.482213,0.421379,0.401032,0.347637,0.350159,0.23721,0.246034,0.151315,0.274331,0.38634,0.388923,0.371305,0.381877,0.298332,0.120655
"7",0.690205,0.611273,0.882303,0.815525,0.720525,0.665247,1,0.850812,0.752618,0.693823,0.671884,0.695758,0.756294,0.718468,0.662184,0.672856,0.503991,0.493069,0.713662,0.662978,0.444083,0.377148,0.765436,0.710998,0.563784,0.567562,0.516508,0.499116,0.578273,0.535869,0.615104,0.596463,0.701573,0.689644,0.548705,0.517164,0.488388,0.479862,0.422209,0.459639,0.411197,0.420226,0.558199,0.550724,0.491862,0.526485,0.520706,0.558197,0.529358,0.578049,0.5422,0.554177,0.523961,0.503036,0.568457,0.571998,0.522501,0.514425,0.621364,0.589737,0.687435,0.6027,0.565391,0.544568,0.568165,0.601218,0.644374,0.621256,0.489821,0.497933,0.605221,0.608447,0.526119,0.501699,0.453389,0.443572,0.482602,0.479497,0.463937,0.458506,0.514498,0.532523,0.539586,0.537112,0.619137,0.607045,0.417798,0.38398,0.660291,0.648919,0.639284,0.663868,0.563896,0.673129,0.381526,0.289741,0.473803,0.434481,0.521468,0.550367,0.576169,0.648511,0.524202,0.536107,0.453208,0.489198,0.330966,0.328908,0.250092,0.38766,0.473486,0.471486,0.491558,0.44627,0.403724,0.209963
"8",0.676957,0.656663,0.741961,0.872932,0.637168,0.696188,0.850812,1,0.654182,0.734791,0.658079,0.78374,0.69014,0.80372,0.60469,0.715264,0.565228,0.553633,0.696691,0.706075,0.420749,0.37428,0.679091,0.702817,0.470135,0.529246,0.453775,0.464404,0.638013,0.63258,0.641736,0.660564,0.717624,0.763442,0.529307,0.53517,0.496628,0.528876,0.408097,0.458851,0.436671,0.465602,0.552088,0.526977,0.526578,0.557964,0.513029,0.56183,0.553742,0.558427,0.566733,0.530865,0.509173,0.442322,0.577842,0.555789,0.563017,0.537898,0.590761,0.611866,0.647983,0.733708,0.595576,0.650919,0.497778,0.640502,0.602699,0.658115,0.50937,0.511473,0.601041,0.622965,0.552949,0.569002,0.496547,0.512662,0.504164,0.533038,0.521161,0.507298,0.556103,0.567004,0.539652,0.551305,0.568324,0.602312,0.399772,0.352885,0.613612,0.630634,0.666165,0.596429,0.583909,0.565054,0.39479,0.332733,0.497959,0.459136,0.578965,0.560514,0.624601,0.571326,0.547936,0.512788,0.461295,0.448919,0.350159,0.328206,0.263254,0.405811,0.488888,0.487721,0.465082,0.459546,0.430885,0.216549
"9",0.527809,0.472469,0.703934,0.647669,0.800874,0.681089,0.752618,0.654182,1,0.768576,0.523903,0.568141,0.645994,0.591081,0.645463,0.631679,0.396892,0.413896,0.496021,0.482219,0.391985,0.331554,0.620537,0.583058,0.517413,0.495492,0.504521,0.47269,0.459725,0.446904,0.442315,0.464488,0.531676,0.501911,0.401476,0.393652,0.362146,0.349293,0.321687,0.362273,0.291152,0.298695,0.443568,0.459443,0.378117,0.427159,0.478291,0.501242,0.479248,0.522285,0.478306,0.51,0.509763,0.489736,0.485996,0.505234,0.404594,0.424074,0.560433,0.551206,0.597248,0.554455,0.477312,0.456014,0.469638,0.513855,0.488623,0.468033,0.392107,0.409254,0.40247,0.446213,0.381593,0.364464,0.320091,0.317476,0.324368,0.328578,0.38727,0.377119,0.432603,0.453356,0.449833,0.478502,0.544168,0.529624,0.390522,0.379253,0.608463,0.617197,0.539266,0.560672,0.524947,0.611617,0.286335,0.199754,0.363732,0.3321,0.400814,0.44798,0.496463,0.559901,0.429832,0.451775,0.359836,0.389165,0.261715,0.257716,0.150566,0.251021,0.360554,0.372629,0.387424,0.377202,0.30825,0.160381
"10",0.520827,0.486394,0.632967,0.697648,0.720201,0.78752,0.693823,0.734791,0.768576,1,0.500151,0.613978,0.599098,0.633179,0.577714,0.683285,0.386093,0.397494,0.503241,0.493089,0.365372,0.322533,0.577291,0.608927,0.469666,0.497116,0.490952,0.494222,0.444115,0.457163,0.414452,0.466821,0.501287,0.51008,0.374639,0.380038,0.307117,0.331327,0.293854,0.34981,0.273765,0.299804,0.437014,0.457552,0.363727,0.421376,0.461994,0.473289,0.473406,0.525133,0.457816,0.512149,0.505026,0.489841,0.446294,0.476359,0.414498,0.426247,0.544871,0.577384,0.551309,0.644596,0.450003,0.479204,0.393448,0.543071,0.442423,0.466331,0.399991,0.415498,0.381422,0.441606,0.349956,0.360829,0.286486,0.304229,0.277275,0.311935,0.360058,0.362367,0.419821,0.437936,0.460655,0.473517,0.493943,0.504287,0.385224,0.350896,0.554438,0.606748,0.533948,0.481078,0.52646,0.51571,0.236654,0.166124,0.284482,0.271956,0.350674,0.378884,0.480479,0.481738,0.394518,0.374338,0.308777,0.28448,0.237481,0.195961,0.120187,0.231276,0.306952,0.308216,0.332002,0.32749,0.244012,0.141544
"11",0.776002,0.686973,0.549746,0.544857,0.488337,0.462777,0.671884,0.658079,0.523903,0.500151,1,0.784748,0.845839,0.76726,0.692782,0.657033,0.733679,0.689826,0.666153,0.669408,0.391548,0.294934,0.494792,0.422952,0.340182,0.281896,0.372767,0.33187,0.760557,0.695333,0.439889,0.401445,0.597802,0.598239,0.371131,0.34199,0.465511,0.449278,0.379064,0.399627,0.454104,0.416635,0.511007,0.486879,0.468722,0.471201,0.487759,0.53786,0.492603,0.464825,0.470016,0.450649,0.452221,0.397899,0.548455,0.547994,0.664124,0.600324,0.560184,0.526298,0.658077,0.541168,0.690858,0.639865,0.430948,0.400136,0.460341,0.448883,0.548666,0.507514,0.482296,0.45056,0.534243,0.500458,0.469636,0.410603,0.438991,0.414529,0.638527,0.64879,0.703589,0.68858,0.638083,0.651081,0.651393,0.593336,0.451062,0.436887,0.624866,0.580904,0.416126,0.480313,0.301206,0.406608,0.432822,0.359463,0.495537,0.47106,0.516931,0.537422,0.418331,0.450425,0.398294,0.434555,0.301891,0.350563,0.281807,0.210036,0.284535,0.402412,0.407525,0.429683,0.382633,0.39589,0.375385,0.245479
"12",0.730149,0.711227,0.555348,0.628798,0.531548,0.535594,0.695758,0.78374,0.568141,0.613978,0.784748,1,0.767532,0.883431,0.62937,0.747999,0.680538,0.692846,0.656348,0.703836,0.377615,0.317798,0.504635,0.478375,0.332412,0.33453,0.373929,0.348763,0.745889,0.756144,0.477116,0.461686,0.626412,0.656021,0.373351,0.376499,0.488716,0.508494,0.381086,0.438882,0.471799,0.468768,0.508758,0.486123,0.456729,0.481523,0.488337,0.541561,0.507226,0.499042,0.538558,0.489204,0.50594,0.415266,0.586607,0.558452,0.619484,0.593512,0.557577,0.559048,0.641119,0.624014,0.688974,0.725531,0.388641,0.448341,0.464756,0.497422,0.552424,0.533637,0.521646,0.522613,0.529644,0.552443,0.477607,0.461381,0.457321,0.466676,0.617324,0.619727,0.676946,0.679565,0.609893,0.663874,0.611251,0.628439,0.428934,0.416433,0.633078,0.614699,0.506273,0.478178,0.405846,0.427784,0.420735,0.364867,0.494784,0.467502,0.538174,0.527406,0.505357,0.473063,0.46647,0.450035,0.378825,0.37883,0.300085,0.248388,0.291079,0.422417,0.433745,0.442896,0.403923,0.425313,0.389615,0.222404
"13",0.757972,0.676981,0.643945,0.595098,0.576443,0.514177,0.756294,0.69014,0.645994,0.599098,0.845839,0.767532,1,0.823134,0.80761,0.741748,0.633478,0.608324,0.669772,0.647121,0.403556,0.334252,0.595887,0.521456,0.446472,0.390197,0.456533,0.412147,0.717578,0.649508,0.487052,0.439931,0.615146,0.588219,0.434541,0.375531,0.507768,0.48626,0.407394,0.440574,0.473005,0.433632,0.529765,0.507484,0.483103,0.502617,0.489466,0.550113,0.523489,0.523049,0.528121,0.512207,0.483172,0.441039,0.586146,0.579618,0.622529,0.593936,0.603792,0.548899,0.715693,0.575539,0.669256,0.595809,0.520086,0.469382,0.502536,0.486129,0.534856,0.506083,0.502466,0.474149,0.514774,0.485569,0.452233,0.417177,0.425866,0.40143,0.585983,0.590258,0.669247,0.670142,0.676168,0.664983,0.722693,0.6516,0.505806,0.482882,0.697646,0.645689,0.468958,0.543047,0.392565,0.526076,0.435125,0.3589,0.504197,0.477495,0.511303,0.542519,0.478724,0.547015,0.44416,0.480486,0.384271,0.428203,0.304204,0.251325,0.277234,0.422044,0.427748,0.428875,0.415296,0.436888,0.411253,0.24965
"14",0.717784,0.685143,0.599143,0.671812,0.545363,0.565542,0.718468,0.80372,0.591081,0.633179,0.76726,0.883431,0.823134,1,0.692981,0.805499,0.652218,0.643443,0.638703,0.677082,0.408952,0.364179,0.589703,0.56768,0.404295,0.410737,0.417356,0.393252,0.722047,0.727748,0.535042,0.524067,0.630729,0.655182,0.412596,0.399463,0.521172,0.537895,0.418686,0.481405,0.491309,0.504524,0.522806,0.48848,0.480313,0.507707,0.493586,0.54374,0.516974,0.505742,0.543095,0.492569,0.504284,0.410651,0.618226,0.569483,0.609427,0.575297,0.556943,0.545498,0.636142,0.630887,0.654009,0.663569,0.435277,0.497015,0.494552,0.531807,0.547325,0.519688,0.534107,0.530952,0.52475,0.552155,0.485852,0.476049,0.443495,0.452231,0.605791,0.59287,0.662677,0.675418,0.640783,0.666007,0.646283,0.668757,0.463381,0.467524,0.655748,0.637512,0.523482,0.500879,0.455886,0.465842,0.433667,0.384236,0.514138,0.480941,0.544169,0.530342,0.537016,0.498681,0.47993,0.47379,0.425062,0.426322,0.306745,0.265036,0.270187,0.425316,0.437721,0.435508,0.40522,0.445122,0.425172,0.237163
"15",0.648342,0.613177,0.647688,0.593926,0.612533,0.553946,0.662184,0.60469,0.645463,0.577714,0.692782,0.62937,0.80761,0.692981,1,0.808775,0.566226,0.548493,0.604942,0.593307,0.533474,0.457414,0.689993,0.619983,0.577036,0.496165,0.576273,0.526786,0.646229,0.578928,0.53414,0.501962,0.590547,0.560451,0.502156,0.433276,0.545745,0.517156,0.512314,0.517965,0.496981,0.435568,0.551777,0.531087,0.502757,0.50762,0.528669,0.563939,0.538866,0.52247,0.499522,0.511363,0.484089,0.436797,0.596985,0.586609,0.580664,0.566972,0.589224,0.55782,0.623452,0.528184,0.596913,0.519637,0.585957,0.49751,0.540021,0.510735,0.497829,0.501857,0.472304,0.456134,0.490676,0.453959,0.45503,0.399974,0.412631,0.397532,0.542429,0.549826,0.608485,0.624742,0.737597,0.677162,0.729818,0.65586,0.598406,0.589813,0.67111,0.653806,0.48878,0.559911,0.440881,0.560154,0.472107,0.38277,0.538627,0.502669,0.500652,0.526502,0.452421,0.525169,0.417531,0.466942,0.424041,0.458628,0.349126,0.284426,0.307747,0.442388,0.437767,0.426106,0.409256,0.468852,0.449468,0.268884
"16",0.634849,0.616338,0.624784,0.67896,0.605938,0.637603,0.672856,0.715264,0.631679,0.683285,0.657033,0.747999,0.741748,0.805499,0.808775,1,0.575982,0.558309,0.606752,0.631074,0.492899,0.471574,0.676738,0.669074,0.507757,0.505667,0.498181,0.4884,0.680983,0.682432,0.565651,0.580802,0.605446,0.628083,0.452608,0.433346,0.512908,0.533783,0.480736,0.53999,0.489972,0.501213,0.523914,0.505076,0.459774,0.485536,0.507295,0.551297,0.510007,0.495819,0.486522,0.487859,0.496549,0.436492,0.592062,0.571229,0.556435,0.536487,0.525151,0.525518,0.567026,0.572515,0.598038,0.588442,0.469011,0.489236,0.491207,0.508841,0.490975,0.492356,0.521782,0.527007,0.493914,0.509824,0.451696,0.43673,0.412974,0.435149,0.550867,0.547796,0.605901,0.627482,0.731515,0.737289,0.651456,0.672192,0.557674,0.55916,0.613307,0.644826,0.541557,0.525447,0.51625,0.533494,0.466856,0.391222,0.504133,0.481318,0.501059,0.510501,0.526019,0.501583,0.447575,0.448786,0.454399,0.451637,0.318957,0.268739,0.299927,0.445186,0.425006,0.422629,0.404779,0.457849,0.417049,0.268999
"17",0.746908,0.764991,0.461723,0.472987,0.401999,0.401539,0.503991,0.565228,0.396892,0.386093,0.733679,0.680538,0.633478,0.652218,0.566226,0.575982,1,0.902968,0.632757,0.722823,0.391481,0.326526,0.412374,0.361796,0.320059,0.285203,0.329375,0.303275,0.819128,0.793483,0.419104,0.401389,0.667463,0.659708,0.39154,0.391132,0.501013,0.488792,0.437731,0.472515,0.489363,0.459949,0.600324,0.586838,0.560819,0.562163,0.598098,0.635868,0.574401,0.521632,0.537559,0.49381,0.525455,0.458105,0.624506,0.616322,0.81715,0.740148,0.555879,0.524758,0.557742,0.452375,0.75822,0.711653,0.349023,0.323768,0.498491,0.507113,0.654879,0.622752,0.444739,0.415588,0.513828,0.502892,0.439594,0.430949,0.465434,0.445963,0.873847,0.855695,0.88783,0.846638,0.657396,0.731998,0.618316,0.614469,0.478152,0.489312,0.553447,0.550074,0.367182,0.394012,0.237495,0.307689,0.447444,0.397453,0.573879,0.541929,0.566197,0.579987,0.385201,0.366563,0.395861,0.417472,0.322736,0.347103,0.296053,0.20348,0.328944,0.4401,0.455717,0.457658,0.338647,0.436246,0.371153,0.261031
"18",0.731713,0.782433,0.459769,0.467601,0.419554,0.417815,0.493069,0.553633,0.413896,0.397494,0.689826,0.692846,0.608324,0.643443,0.548493,0.558309,0.902968,1,0.628156,0.726741,0.387094,0.330429,0.408411,0.348921,0.321645,0.294264,0.342002,0.310471,0.781207,0.809251,0.412144,0.384593,0.65888,0.648671,0.397599,0.379244,0.470041,0.478559,0.426423,0.471638,0.459447,0.455853,0.622614,0.613497,0.579168,0.590882,0.627209,0.669299,0.594921,0.561553,0.549288,0.526309,0.541974,0.47115,0.619792,0.629347,0.804981,0.773332,0.543606,0.542781,0.533757,0.434061,0.757678,0.744483,0.340944,0.303717,0.500102,0.514928,0.660851,0.631831,0.407345,0.396891,0.476096,0.496187,0.412857,0.418045,0.43549,0.431175,0.811953,0.865506,0.859453,0.861572,0.633719,0.735977,0.614969,0.61921,0.478212,0.495931,0.54549,0.557473,0.36334,0.381364,0.235336,0.309209,0.425515,0.355114,0.567872,0.519365,0.559296,0.567658,0.380981,0.357061,0.397554,0.401179,0.292109,0.323659,0.288182,0.197883,0.285708,0.431438,0.449438,0.447265,0.332384,0.424932,0.344203,0.224955
"19",0.795811,0.756734,0.703662,0.682877,0.517237,0.496579,0.713662,0.696691,0.496021,0.503241,0.666153,0.656348,0.669772,0.638703,0.604942,0.606752,0.632757,0.628156,1,0.892676,0.395724,0.343474,0.607704,0.545226,0.427807,0.424138,0.434778,0.453686,0.648584,0.620304,0.570757,0.540874,0.744772,0.755385,0.490468,0.470517,0.515465,0.510145,0.41355,0.445746,0.465709,0.457959,0.558603,0.527152,0.547919,0.545459,0.493021,0.567128,0.539531,0.524817,0.536808,0.488391,0.441472,0.446481,0.562314,0.562625,0.69262,0.650465,0.560815,0.53768,0.567467,0.482496,0.64474,0.617634,0.447821,0.412551,0.595587,0.587193,0.692999,0.65616,0.549833,0.515725,0.554766,0.532587,0.474724,0.462289,0.489909,0.489967,0.55202,0.559413,0.613499,0.620217,0.57392,0.578336,0.574459,0.565544,0.432829,0.399725,0.557188,0.544393,0.541594,0.590633,0.38429,0.515437,0.39038,0.33557,0.546087,0.523059,0.593909,0.608744,0.473789,0.552415,0.515885,0.542172,0.438472,0.472402,0.386712,0.348349,0.263554,0.425228,0.542954,0.548423,0.461631,0.471909,0.429319,0.237618
"20",0.809248,0.818902,0.626335,0.665859,0.501873,0.501839,0.662978,0.706075,0.482219,0.493089,0.669408,0.703836,0.647121,0.677082,0.593307,0.631074,0.722823,0.726741,0.892676,1,0.42911,0.385007,0.566369,0.515462,0.388539,0.39232,0.411368,0.396923,0.698969,0.71604,0.54299,0.522963,0.794043,0.821447,0.501976,0.500782,0.542111,0.534486,0.454107,0.501996,0.502469,0.510153,0.587859,0.56279,0.589504,0.579024,0.549601,0.625689,0.588225,0.548464,0.565389,0.513501,0.495439,0.446761,0.605129,0.591383,0.754863,0.727886,0.600972,0.586903,0.586724,0.518945,0.708172,0.709829,0.416935,0.413262,0.622398,0.628584,0.776244,0.753407,0.534283,0.524773,0.564794,0.578649,0.498421,0.505823,0.519527,0.524736,0.631423,0.639958,0.692272,0.698618,0.595912,0.651792,0.589325,0.590729,0.439558,0.429341,0.581528,0.571818,0.547589,0.5564,0.402064,0.475739,0.440493,0.38488,0.603603,0.549678,0.638859,0.626945,0.501737,0.495618,0.516453,0.497948,0.407948,0.423476,0.386751,0.347343,0.302439,0.463469,0.561778,0.567322,0.451811,0.494215,0.427904,0.21034
"21",0.437974,0.418277,0.502374,0.445009,0.470901,0.454104,0.444083,0.420749,0.391985,0.365372,0.391548,0.377615,0.403556,0.408952,0.533474,0.492899,0.391481,0.387094,0.395724,0.42911,1,0.779358,0.544932,0.505824,0.494518,0.483354,0.520689,0.481031,0.431517,0.397835,0.525792,0.476742,0.497294,0.47106,0.497495,0.475161,0.531923,0.529103,0.542141,0.561488,0.491491,0.487244,0.43571,0.41634,0.431164,0.416668,0.405836,0.438769,0.406447,0.415444,0.353492,0.384881,0.363871,0.302004,0.458092,0.448107,0.411302,0.397227,0.437963,0.429699,0.382462,0.349547,0.347127,0.302511,0.415378,0.402912,0.505596,0.487004,0.384224,0.376765,0.475624,0.458748,0.431048,0.419766,0.412849,0.383196,0.391051,0.375047,0.38193,0.404131,0.395638,0.416672,0.46507,0.444707,0.450014,0.446127,0.422849,0.452651,0.468294,0.479559,0.408769,0.446798,0.393334,0.456522,0.345557,0.30767,0.427938,0.374635,0.398354,0.426774,0.368672,0.417014,0.320656,0.360543,0.371637,0.370414,0.271614,0.277443,0.226529,0.31975,0.372066,0.383309,0.342799,0.383639,0.387296,0.150177
"22",0.363453,0.368557,0.436778,0.413617,0.396657,0.427939,0.377148,0.37428,0.331554,0.322533,0.294934,0.317798,0.334252,0.364179,0.457414,0.471574,0.326526,0.330429,0.343474,0.385007,0.779358,1,0.493003,0.478592,0.43329,0.447885,0.427132,0.455906,0.365313,0.362079,0.463064,0.455311,0.449163,0.422332,0.454871,0.441902,0.494942,0.511795,0.548543,0.598743,0.464075,0.556997,0.364408,0.345238,0.409452,0.378372,0.34969,0.387213,0.373314,0.359085,0.352074,0.346304,0.338292,0.271091,0.433244,0.41512,0.354828,0.358144,0.383459,0.384196,0.324201,0.311998,0.297498,0.26773,0.35977,0.359572,0.473787,0.466076,0.350747,0.361842,0.438841,0.454068,0.405817,0.409668,0.389202,0.358822,0.328541,0.322022,0.310771,0.338928,0.348144,0.376831,0.439557,0.454871,0.397937,0.42069,0.413614,0.466512,0.428803,0.445045,0.378332,0.402014,0.37237,0.406734,0.329495,0.33096,0.38333,0.345248,0.36192,0.383251,0.35933,0.380994,0.306288,0.336014,0.359284,0.348228,0.27669,0.313286,0.208296,0.293065,0.320388,0.341628,0.280386,0.360141,0.366994,0.137234
"23",0.53971,0.511892,0.867058,0.791692,0.644413,0.618285,0.765436,0.679091,0.620537,0.577291,0.494792,0.504635,0.595887,0.589703,0.689993,0.676738,0.412374,0.408411,0.607704,0.566369,0.544932,0.493003,1,0.919238,0.760188,0.751685,0.640838,0.614227,0.449331,0.417288,0.72031,0.718151,0.597267,0.598876,0.620997,0.552846,0.521083,0.525303,0.468714,0.511256,0.420738,0.428853,0.543264,0.534324,0.464173,0.466834,0.507676,0.523386,0.490119,0.513391,0.449006,0.503601,0.485795,0.463096,0.511838,0.515558,0.448889,0.454972,0.456794,0.459462,0.447233,0.427759,0.400112,0.345676,0.599044,0.565041,0.598893,0.571063,0.415887,0.427269,0.557691,0.577092,0.449901,0.433374,0.414039,0.387227,0.434993,0.441422,0.413688,0.427354,0.424934,0.465272,0.535961,0.502246,0.602261,0.596608,0.490219,0.491925,0.525014,0.571202,0.588627,0.599465,0.592132,0.65797,0.364958,0.280903,0.443057,0.404238,0.440322,0.464082,0.46469,0.535617,0.412249,0.444821,0.489512,0.504833,0.300248,0.283261,0.233693,0.358641,0.433539,0.418449,0.414904,0.416368,0.427876,0.236185
"24",0.490761,0.473247,0.807084,0.848471,0.619377,0.646548,0.710998,0.702817,0.583058,0.608927,0.422952,0.478375,0.521456,0.56768,0.619983,0.669074,0.361796,0.348921,0.545226,0.515462,0.505824,0.478592,0.919238,1,0.744671,0.797566,0.623916,0.631439,0.403252,0.371506,0.680853,0.747097,0.556455,0.571959,0.613651,0.576924,0.482659,0.507462,0.44738,0.491132,0.372003,0.409112,0.512563,0.503644,0.445508,0.451251,0.492075,0.49635,0.481783,0.501683,0.441558,0.499754,0.469661,0.445557,0.485211,0.493934,0.409351,0.41229,0.428914,0.457828,0.411438,0.476594,0.347115,0.322706,0.561046,0.628501,0.578099,0.588757,0.371696,0.384086,0.517363,0.558137,0.405284,0.39751,0.369254,0.357555,0.393629,0.424131,0.370018,0.375721,0.375375,0.419777,0.497532,0.465997,0.546662,0.594634,0.458695,0.47885,0.481484,0.564447,0.597992,0.546092,0.615638,0.602439,0.341781,0.260291,0.403163,0.365236,0.41129,0.421216,0.462468,0.491446,0.389936,0.406946,0.484471,0.465381,0.27865,0.268371,0.206116,0.333217,0.40215,0.372198,0.376399,0.384537,0.388866,0.208508
"25",0.421558,0.423812,0.670323,0.583378,0.562928,0.506754,0.563784,0.470135,0.517413,0.469666,0.340182,0.332412,0.446472,0.404295,0.577036,0.507757,0.320059,0.321645,0.427807,0.388539,0.494518,0.43329,0.760188,0.744671,1,0.852191,0.725199,0.691937,0.310261,0.278177,0.621083,0.58689,0.467048,0.426746,0.561033,0.490574,0.410463,0.416754,0.376786,0.414549,0.305503,0.309551,0.520946,0.510451,0.441728,0.407659,0.498779,0.488449,0.462385,0.462671,0.41849,0.465726,0.430904,0.466219,0.431882,0.468007,0.392016,0.419966,0.407858,0.396651,0.349946,0.298667,0.282256,0.209251,0.523494,0.483695,0.561023,0.507001,0.346552,0.357595,0.422498,0.447074,0.312726,0.270503,0.27216,0.22246,0.326559,0.315851,0.314195,0.371394,0.345183,0.384296,0.406163,0.381863,0.506179,0.496274,0.396199,0.423762,0.409007,0.481943,0.445229,0.471991,0.429974,0.528448,0.263961,0.189409,0.377644,0.324177,0.329357,0.367484,0.321845,0.45651,0.331292,0.379588,0.421298,0.441813,0.312949,0.243773,0.179924,0.283553,0.348317,0.312096,0.295924,0.330777,0.314741,0.225064
"26",0.397275,0.397516,0.673805,0.655566,0.537004,0.541245,0.567562,0.529246,0.495492,0.497116,0.281896,0.33453,0.390197,0.410737,0.496165,0.505667,0.285203,0.294264,0.424138,0.39232,0.483354,0.447885,0.751685,0.797566,0.852191,1,0.693947,0.722179,0.303232,0.28863,0.665024,0.678809,0.484524,0.463155,0.596182,0.565153,0.422421,0.446186,0.379578,0.43265,0.309512,0.344147,0.509023,0.493609,0.42555,0.400115,0.473368,0.474214,0.440417,0.450882,0.409115,0.451476,0.399768,0.436162,0.430105,0.448752,0.360556,0.382154,0.376413,0.397392,0.307592,0.341176,0.251492,0.212258,0.477265,0.536161,0.565936,0.557966,0.338073,0.350616,0.447021,0.489361,0.31768,0.312521,0.291194,0.284383,0.341137,0.362621,0.306988,0.342227,0.309353,0.353259,0.388382,0.354762,0.446112,0.490268,0.357555,0.35885,0.372382,0.465131,0.4857,0.452507,0.465192,0.511263,0.264813,0.1837,0.390362,0.321085,0.33728,0.353203,0.348518,0.449764,0.345649,0.391353,0.465288,0.457511,0.279599,0.291006,0.189426,0.306109,0.368936,0.315408,0.29957,0.333585,0.32155,0.177307
"27",0.463364,0.443608,0.589305,0.543513,0.610578,0.526919,0.516508,0.453775,0.504521,0.490952,0.372767,0.373929,0.456533,0.417356,0.576273,0.498181,0.329375,0.342002,0.434778,0.411368,0.520689,0.427132,0.640838,0.623916,0.725199,0.693947,1,0.812843,0.319227,0.302253,0.520636,0.489635,0.445939,0.393522,0.536899,0.473746,0.424358,0.440625,0.377616,0.429936,0.315494,0.313415,0.494611,0.471186,0.420341,0.400553,0.465314,0.472833,0.438704,0.460241,0.434135,0.477132,0.405631,0.442036,0.451768,0.476817,0.40357,0.438216,0.447992,0.455601,0.402666,0.367796,0.323459,0.2635,0.531299,0.512998,0.539924,0.507776,0.403916,0.412112,0.381061,0.388096,0.290613,0.275455,0.252988,0.228652,0.288631,0.294683,0.32031,0.372738,0.359443,0.410444,0.416431,0.387229,0.524597,0.528003,0.405507,0.428814,0.477202,0.532663,0.428484,0.43869,0.38041,0.477221,0.25831,0.19401,0.36848,0.320338,0.299988,0.355363,0.30095,0.396307,0.274447,0.308505,0.336811,0.397877,0.247143,0.25457,0.172921,0.277719,0.332971,0.309994,0.287242,0.295044,0.28441,0.156122
"28",0.438215,0.434235,0.569615,0.560035,0.550356,0.577517,0.499116,0.464404,0.47269,0.494222,0.33187,0.348763,0.412147,0.393252,0.526786,0.4884,0.303275,0.310471,0.453686,0.396923,0.481031,0.455906,0.614227,0.631439,0.691937,0.722179,0.812843,1,0.295068,0.280309,0.513938,0.501476,0.440528,0.396303,0.546333,0.493735,0.448622,0.456334,0.37109,0.427894,0.299229,0.320845,0.481483,0.442872,0.427378,0.395245,0.412014,0.454632,0.417031,0.418963,0.436511,0.437234,0.360088,0.416588,0.440273,0.474441,0.393834,0.421363,0.416672,0.429311,0.371916,0.365089,0.31187,0.238771,0.51151,0.52054,0.544169,0.522389,0.376187,0.396283,0.380878,0.389908,0.294705,0.271149,0.264381,0.224576,0.278535,0.287474,0.292432,0.335776,0.346871,0.385137,0.400613,0.363949,0.490791,0.514402,0.403622,0.432258,0.44928,0.514037,0.454136,0.454929,0.385929,0.484776,0.261178,0.211805,0.378965,0.357277,0.322134,0.382821,0.335731,0.426407,0.334036,0.368179,0.397819,0.445837,0.276221,0.308026,0.186668,0.296101,0.374419,0.346187,0.29309,0.321505,0.314017,0.185965
"29",0.678466,0.670869,0.495934,0.510246,0.433548,0.414211,0.578273,0.638013,0.459725,0.444115,0.760557,0.745889,0.717578,0.722047,0.646229,0.680983,0.819128,0.781207,0.648584,0.698969,0.431517,0.365313,0.449331,0.403252,0.310261,0.303232,0.319227,0.295068,1,0.886188,0.576612,0.540961,0.68128,0.698594,0.381829,0.38109,0.553904,0.55976,0.465427,0.503957,0.574293,0.536872,0.509483,0.488941,0.485781,0.500946,0.489464,0.546874,0.485578,0.459735,0.461403,0.419842,0.413436,0.350221,0.584546,0.547663,0.667691,0.600198,0.500496,0.466624,0.56058,0.478838,0.717476,0.691988,0.320707,0.312543,0.446543,0.470253,0.557278,0.520606,0.557047,0.521413,0.643651,0.612226,0.565544,0.541555,0.529511,0.519774,0.746261,0.736858,0.780309,0.742394,0.727296,0.764339,0.561241,0.555538,0.434342,0.420552,0.538224,0.520832,0.408631,0.424444,0.29748,0.363701,0.499857,0.48507,0.571759,0.546927,0.562534,0.554092,0.451762,0.432536,0.443193,0.460868,0.388335,0.424644,0.341166,0.266373,0.355906,0.507143,0.45912,0.461061,0.392091,0.452519,0.42395,0.291693
"30",0.655556,0.661997,0.449218,0.496887,0.417774,0.423189,0.535869,0.63258,0.446904,0.457163,0.695333,0.756144,0.649508,0.727748,0.578928,0.682432,0.793483,0.809251,0.620304,0.71604,0.397835,0.362079,0.417288,0.371506,0.278177,0.28863,0.302253,0.280309,0.886188,1,0.531635,0.508408,0.670999,0.69763,0.345046,0.349278,0.510429,0.540528,0.428129,0.507571,0.541034,0.541499,0.50332,0.484176,0.471106,0.492635,0.494152,0.558102,0.475198,0.450473,0.468334,0.413338,0.443271,0.358506,0.585279,0.541512,0.644019,0.597224,0.482701,0.463967,0.520583,0.46498,0.716472,0.724378,0.284135,0.284755,0.432101,0.455951,0.572184,0.542614,0.52768,0.525708,0.608161,0.652162,0.554025,0.548524,0.501228,0.50638,0.724768,0.745518,0.772317,0.748967,0.659974,0.766166,0.546268,0.547463,0.4042,0.405668,0.517978,0.51828,0.403502,0.397777,0.295705,0.338976,0.466087,0.459259,0.55534,0.523912,0.562956,0.541507,0.455147,0.39194,0.447206,0.439407,0.367401,0.393069,0.30635,0.270995,0.330712,0.479562,0.437853,0.459933,0.376355,0.455235,0.407789,0.239128
"31",0.452249,0.440701,0.634698,0.630669,0.431386,0.400809,0.615104,0.641736,0.442315,0.414452,0.439889,0.477116,0.487052,0.535042,0.53414,0.565651,0.419104,0.412144,0.570757,0.54299,0.525792,0.463064,0.72031,0.680853,0.621083,0.665024,0.520636,0.513938,0.576612,0.531635,1,0.907564,0.669429,0.719992,0.610439,0.588132,0.512573,0.541404,0.371413,0.401548,0.446147,0.449608,0.460554,0.422788,0.449138,0.42654,0.39136,0.444918,0.394401,0.366974,0.373557,0.326939,0.301455,0.287817,0.408704,0.372936,0.393996,0.369993,0.357616,0.341214,0.358323,0.382383,0.365984,0.346927,0.436381,0.440756,0.543918,0.544633,0.394224,0.388793,0.67122,0.659934,0.59302,0.578599,0.550954,0.534626,0.576159,0.590222,0.427081,0.449101,0.391203,0.414996,0.436946,0.419759,0.404273,0.427286,0.255555,0.230311,0.359769,0.385668,0.526727,0.536494,0.451798,0.516964,0.340327,0.326553,0.466001,0.423251,0.476169,0.459585,0.462739,0.500203,0.439977,0.473399,0.501816,0.528772,0.337567,0.337157,0.264304,0.40044,0.459552,0.434916,0.394154,0.394396,0.456161,0.23731
"32",0.408462,0.404269,0.629193,0.690351,0.45608,0.453345,0.596463,0.660564,0.464488,0.466821,0.401445,0.461686,0.439931,0.524067,0.501962,0.580802,0.401389,0.384593,0.540874,0.522963,0.476742,0.455311,0.718151,0.747097,0.58689,0.678809,0.489635,0.501476,0.540961,0.508408,0.907564,1,0.626049,0.703189,0.552705,0.570861,0.47704,0.514996,0.3688,0.394363,0.422237,0.434767,0.429906,0.407089,0.411665,0.392928,0.394424,0.430199,0.394528,0.363728,0.357271,0.335568,0.32325,0.312308,0.385013,0.356281,0.356584,0.326064,0.329977,0.337402,0.321881,0.398209,0.344044,0.342803,0.401243,0.45386,0.503077,0.528164,0.347854,0.349122,0.620653,0.639883,0.543703,0.537851,0.504433,0.506838,0.539576,0.574191,0.408337,0.415728,0.366168,0.383578,0.422702,0.420128,0.378641,0.424901,0.250554,0.236783,0.330223,0.379529,0.552686,0.50625,0.488896,0.493823,0.317743,0.298098,0.426819,0.387208,0.455139,0.431796,0.455588,0.469552,0.421212,0.450703,0.504032,0.495658,0.313279,0.303795,0.238757,0.341042,0.424436,0.391557,0.362702,0.371761,0.422906,0.239537
"33",0.720349,0.715614,0.649284,0.653239,0.529965,0.5164,0.701573,0.717624,0.531676,0.501287,0.597802,0.626412,0.615146,0.630729,0.590547,0.605446,0.667463,0.65888,0.744772,0.794043,0.497294,0.449163,0.597267,0.556455,0.467048,0.484524,0.445939,0.440528,0.68128,0.670999,0.669429,0.626049,1,0.930577,0.711066,0.688069,0.612452,0.596089,0.480822,0.52495,0.520681,0.538847,0.644026,0.618347,0.671093,0.672823,0.575349,0.660858,0.608573,0.595067,0.617006,0.55479,0.494634,0.444907,0.624609,0.602446,0.694444,0.678054,0.665613,0.628193,0.665149,0.602375,0.694109,0.691332,0.562254,0.556167,0.777442,0.783833,0.709393,0.707356,0.60505,0.586973,0.610049,0.620419,0.565382,0.570579,0.64849,0.637608,0.625178,0.630071,0.650884,0.659628,0.560902,0.598792,0.617742,0.619951,0.409057,0.383444,0.605136,0.615029,0.610104,0.643102,0.483427,0.559655,0.464014,0.409851,0.646739,0.584048,0.655911,0.665747,0.598587,0.569334,0.556017,0.561936,0.47198,0.500691,0.449875,0.416539,0.34454,0.496723,0.618332,0.600079,0.50086,0.518008,0.477007,0.200377
"34",0.684654,0.691734,0.627258,0.684888,0.500697,0.509752,0.689644,0.763442,0.501911,0.51008,0.598239,0.656021,0.588219,0.655182,0.560451,0.628083,0.659708,0.648671,0.755385,0.821447,0.47106,0.422332,0.598876,0.571959,0.426746,0.463155,0.393522,0.396303,0.698594,0.69763,0.719992,0.703189,0.930577,1,0.65421,0.675622,0.577897,0.580173,0.445554,0.488973,0.509287,0.538953,0.585551,0.557351,0.612892,0.605808,0.528661,0.611566,0.558355,0.521554,0.562263,0.487247,0.460629,0.400752,0.573991,0.544872,0.645133,0.618177,0.585758,0.569715,0.598628,0.589074,0.669311,0.687287,0.485373,0.511161,0.699041,0.732408,0.649761,0.652004,0.636832,0.623139,0.643141,0.656837,0.592269,0.606879,0.661744,0.668708,0.60178,0.606161,0.608099,0.615191,0.539932,0.585193,0.546526,0.565111,0.361239,0.336191,0.549383,0.558129,0.625114,0.622671,0.496021,0.535694,0.444304,0.388578,0.618977,0.557723,0.660743,0.646004,0.607884,0.555122,0.571147,0.558752,0.476726,0.484666,0.439243,0.400602,0.341509,0.482656,0.609928,0.594612,0.497576,0.499626,0.478017,0.219602
"35",0.526097,0.504487,0.585924,0.56873,0.455092,0.447407,0.548705,0.529307,0.401476,0.374639,0.371131,0.373351,0.434541,0.412596,0.502156,0.452608,0.39154,0.397599,0.490468,0.501976,0.497495,0.454871,0.620997,0.613651,0.561033,0.596182,0.536899,0.546333,0.381829,0.345046,0.610439,0.552705,0.711066,0.65421,1,0.862084,0.58949,0.584974,0.469877,0.501238,0.405529,0.427398,0.587073,0.534182,0.61819,0.600749,0.467371,0.539297,0.505047,0.493649,0.487827,0.459069,0.367667,0.330718,0.502048,0.492638,0.488954,0.506656,0.551185,0.535231,0.526771,0.508396,0.401704,0.368831,0.698759,0.657745,0.802172,0.801826,0.476781,0.498327,0.488991,0.485416,0.404133,0.420675,0.423886,0.43077,0.547565,0.541657,0.397473,0.423309,0.409033,0.438504,0.418422,0.37983,0.567512,0.560038,0.415977,0.391933,0.519399,0.546494,0.554714,0.60447,0.508025,0.589481,0.392264,0.328647,0.538082,0.452454,0.491724,0.522221,0.496641,0.507529,0.442971,0.456279,0.476668,0.510379,0.381342,0.396966,0.32046,0.426418,0.548652,0.495747,0.447132,0.420769,0.464742,0.177813
"36",0.481108,0.45711,0.534788,0.55915,0.450422,0.455972,0.517164,0.53517,0.393652,0.380038,0.34199,0.376499,0.375531,0.399463,0.433276,0.433346,0.391132,0.379244,0.470517,0.500782,0.475161,0.441902,0.552846,0.576924,0.490574,0.565153,0.473746,0.493735,0.38109,0.349278,0.588132,0.570861,0.688069,0.675622,0.862084,1,0.576499,0.581595,0.44613,0.482337,0.392387,0.431467,0.54543,0.499855,0.566928,0.558299,0.449935,0.521933,0.476518,0.460172,0.454886,0.425987,0.340918,0.320456,0.466935,0.462228,0.441882,0.443174,0.509844,0.511855,0.465003,0.508466,0.386216,0.365137,0.575224,0.614441,0.746669,0.789335,0.453553,0.473578,0.511356,0.514883,0.407938,0.429249,0.419875,0.448536,0.579937,0.595483,0.397294,0.403903,0.384537,0.402674,0.375944,0.363345,0.48134,0.504251,0.353411,0.347544,0.461987,0.493811,0.582674,0.598048,0.528951,0.563911,0.364788,0.318344,0.517636,0.434991,0.492582,0.520389,0.514965,0.506474,0.466549,0.472024,0.467197,0.474066,0.39234,0.411106,0.306713,0.404548,0.566629,0.511381,0.466089,0.404568,0.429447,0.127882
"37",0.562813,0.539734,0.494741,0.474686,0.407664,0.372591,0.488388,0.496628,0.362146,0.307117,0.465511,0.488716,0.507768,0.521172,0.545745,0.512908,0.501013,0.470041,0.515465,0.542111,0.531923,0.494942,0.521083,0.482659,0.410463,0.422421,0.424358,0.448622,0.553904,0.510429,0.512573,0.47704,0.612452,0.577897,0.58949,0.576499,1,0.86817,0.734899,0.755724,0.687542,0.655031,0.530189,0.479057,0.492312,0.487148,0.453111,0.529232,0.446369,0.456126,0.495479,0.440549,0.394172,0.315043,0.645064,0.598213,0.527408,0.488127,0.473266,0.433006,0.478346,0.404058,0.497883,0.426754,0.46366,0.437948,0.568972,0.580298,0.488718,0.475606,0.559203,0.516867,0.492701,0.499703,0.531078,0.523649,0.598398,0.579569,0.489452,0.486052,0.529507,0.522921,0.547861,0.510762,0.574792,0.576101,0.495362,0.479809,0.589759,0.584202,0.570552,0.603742,0.472336,0.534829,0.553946,0.538288,0.67201,0.65136,0.597269,0.637435,0.502217,0.510092,0.483138,0.53718,0.545085,0.573441,0.404681,0.480367,0.434682,0.549907,0.636208,0.608671,0.543017,0.534896,0.587953,0.244602
"38",0.541464,0.545866,0.488059,0.511156,0.401935,0.392848,0.479862,0.528876,0.349293,0.331327,0.449278,0.508494,0.48626,0.537895,0.517156,0.533783,0.488792,0.478559,0.510145,0.534486,0.529103,0.511795,0.525303,0.507462,0.416754,0.446186,0.440625,0.456334,0.55976,0.540528,0.541404,0.514996,0.596089,0.580173,0.584974,0.581595,0.86817,1,0.70188,0.812338,0.655904,0.70467,0.527426,0.481355,0.485939,0.48919,0.47036,0.537155,0.449058,0.458263,0.487557,0.439538,0.401381,0.32293,0.630866,0.60313,0.510622,0.484452,0.454634,0.44411,0.449417,0.425038,0.471414,0.434172,0.437109,0.460643,0.560371,0.592308,0.487899,0.473453,0.569485,0.55673,0.507033,0.537629,0.550845,0.561121,0.595711,0.606226,0.485431,0.497439,0.517372,0.524476,0.549164,0.537296,0.545381,0.581989,0.493761,0.482329,0.551933,0.584966,0.583303,0.595733,0.50024,0.531572,0.551651,0.558634,0.654356,0.631789,0.600827,0.633941,0.523432,0.500429,0.495788,0.521191,0.55129,0.564992,0.423623,0.460085,0.431156,0.548422,0.623295,0.599248,0.536034,0.538512,0.589494,0.234439
